
strategic_region={
	id=104
	name="STRATEGICREGION_104"
	provinces={
		1 29 31 32 62 68 70 74 97 108 118 131 140 179 182 188 191 203 210 227 231 243 254 275 288 289 291 302 322 344 347 361 366 412 458 462 482 514 534 548 619 637 638 641 651 655 664 668 672 775 784 785 806 814 818 844 847 899 909 913 944 967 975 998 1003 1011 1015 1032 1043 1090 1091 1116 1134 1144 1154 1155 1171 1187 1200 1201 1215 1240 1247 1289 1337 1361 1372 1374 1394 1395 1397 1408 1426 1431 1490 1491 1499 1606 1623 1631 1649 1662 1668 1684 1710 1716 1724 1732 1737 1751 1829 1845 1846 1880 1955 1964 2001 2010 2015 2028 2051 2103 2117 2137 2156 2168 2186 2195 2229 2234 2253 2257 2362 2381 2419 2466 2483 2502 2527 2553 2585 2591 2599 2615 2646 2647 2721 2728 2729 2783 2785 2809 2858 2905 2941 2953 2963 2979 2990 3037 3131 3138 3140 3191 3197 3263 3293 3298 3306 3327 3356 3430 3463 3464 3478 3559 3572 3606 3660 3691 3730 3750 3752 3784 3803 3916 3929 3931 3947 4006 4047 4114 4115 4161 4170 4223 4298 4376 4392 4459 4475 4505 4506 4598 4671 4706 4723 4849 4894 4916 4943 4952 5092 5102 5125 5146 5264 5279 5304 5359 5363 5370 5478 5554 5582 5601 5628 5641 5692 5698 5756 5760 5805 5856 5858 5882 6080 6101 6112 6140 6279 6287 6420 6469 6470 6471 6472 6473 6474 6490 6498 6501 6504 6506 6507 6516 6517 6522 6523 6524 6527 6532 6535 6541 6542 6545 6547 6559 6562 6575 6578 6579 6581 6592 6603 6604 6613 6614 6649 6655 6669 6688 6707 6711 6714 6748 6776 6785 6814 6823 6833 6845 6864 6873 6880 6905 6909 6916 6933 6949 19294 19295 19296 19298 19299 19300 19303 19304 19307 19308 19310 19311 19313 19314 19315 19320 19321 19322 19324 19325 19326 19330 19335 19336 19340 19341 19343 19344 19346 19348 19349 19352 19355 19358 19362 19363 19364 19368 19370 19372 19373 19374 19376 19377 19379 19382 19383 19385 19389 19391 19393 19394 19395 19397 19402 19403 19407 19419 19420 19422 19423 19425 19426 19427 19428 19431 19433 19434 19437 19441 19446 19459 11972 11973 11977 11978 11983 11990 12151 12154 12176 12219 753 2906 324 5604 2061 6599 1310 1686 1579 6622 6675 1037 4651
	}
	weather={
	}
}
