
strategic_region={
	id=105
	name="STRATEGICREGION_105"
	provinces={
		23 54 99 138 242 258 326 339 348 349 354 389 400 416 438 456 527 570 571 605 679 749 756 763 773 820 832 842 852 855 912 920 955 1014 1063 1074 1129 1131 1147 1152 1169 1211 1252 1271 1274 1410 1428 1463 1502 1516 1531 1537 1543 1544 1552 1617 1620 1634 1636 1667 1696 1709 1759 1856 1857 1893 1895 1903 1943 1984 2038 2042 2063 2114 2123 2211 2223 2259 2315 2331 2407 2425 2498 2505 2514 2567 2628 2665 2698 2763 2768 2816 2854 2897 2908 2911 2987 2995 3028 3034 3052 3074 3147 3157 3216 3226 3235 3258 3386 3525 3541 3552 3582 3583 3702 3729 3928 3939 3964 4003 4049 4137 4145 4154 4206 4243 4293 4377 4442 4457 4478 4530 4596 4654 4743 4756 4870 4950 4965 5074 5150 5179 5217 5356 5360 5379 5427 5532 5592 5600 5706 5768 5815 5849 5854 5884 6087 6109 6171 6180 6186 6194 6213 6217 6307 6316 6337 6465 6466 6467 6468 6488 6494 6496 6502 6529 6531 6537 6555 6568 6569 6594 6598 6602 6606 6612 6615 6648 6664 6674 6703 6710 6716 6717 6723 6725 6726 6727 6733 6737 6741 6742 6747 6751 6757 6758 6761 6762 6764 6765 6769 6775 6784 6794 6799 6801 6807 6809 6816 6822 6827 6832 6835 6837 6844 6851 6852 6853 6854 6858 6861 6862 6863 6869 6870 6877 6878 6879 6896 6901 6902 6915 6918 6923 6924 6925 6929 6931 6938 6942 6946 6947 6956 6963 6968 6979 7036 7053 7319 7741 8752 12032 12033 12034 12035 12036 12037 12038 12039 12040 12041 12042 12043 12044 12046 12048 12051 12052 12066 12067 12073 12076 12080 12081 12082 12083 12084 12086 12087 12089 12091 12092 12095 12096 12099 19306 19319 19328 19334 19369 19371 19375 19386 19387 19392 19399 19401 19412 19416 19432 19438 19440 19449 19464 19465 6260 135 5355 2907
	}
	weather={
	}
}
