
strategic_region={
	id=108
	name="STRATEGICREGION_108"
	provinces={
		82 117 122 125 170 186 208 285 320 323 405 420 423 444 499 540 560 584 586 599 609 625 630 703 731 736 779 786 801 819 827 835 838 857 892 924 973 995 1033 1039 1068 1075 1098 1166 1190 1205 1206 1207 1208 1210 1213 1224 1294 1300 1301 1303 1332 1333 1341 1345 1355 1356 1362 1373 1396 1480 1511 10586 1515 1541 1562 1592 1593 1604 1610 1614 1621 1645 1650 1651 1656 1670 1675 1720 1726 1741 1742 1774 1775 1804 1824 1826 1833 1852 1858 1873 1882 1887 1889 1913 1922 1941 1946 1949 1971 1977 1985 1992 1993 2012 2023 2033 2048 2058 2079 2092 2099 2122 2134 2146 2161 2178 2180 2197 2230 2247 2254 2262 2268 2269 2290 2299 2304 2309 2317 2324 2335 2339 2348 2386 2405 2408 2414 2424 2427 2430 2444 2447 2451 2455 2481 2482 2488 2496 2508 2525 2562 2563 2590 2604 2605 2618 2629 2649 2684 2695 2732 2736 2766 2767 2793 2808 2810 2820 2822 2839 2842 2853 2869 2893 2894 2917 2921 2928 2945 2952 2960 2982 2989 2993 2997 3007 3011 3018 3048 3057 3065 3113 3137 3142 3146 3156 3186 3221 3225 3236 3253 3274 3282 3285 3286 3335 3336 3344 3349 3359 3375 3411 3412 3413 3424 3443 3448 3456 3468 3493 3496 3507 3516 3554 3560 3563 3576 3578 3589 3591 3597 3601 3622 3626 3638 3664 3700 3706 3755 3763 3767 3781 3790 3792 3799 3823 3827 3830 3859 3864 3897 3899 3900 3922 3925 3926 3932 3944 3959 3991 4005 4012 4026 4042 4053 4062 4077 4080 4083 4104 4105 4133 4166 4171 4173 4175 4192 4193 4201 4264 4272 4280 4310 4320 4326 4328 4339 4343 4359 4370 4385 4387 4395 4414 4424 4431 4444 4453 4458 4462 4463 4468 4498 4501 4514 4531 4534 4565 4566 4603 4609 4610 4630 4631 4645 4661 4668 4687 4692 4719 4732 4745 4751 4765 4770 4782 4793 4797 4803 4805 4808 4815 4855 4857 4871 4874 4877 4880 4902 4914 4920 4930 4941 4955 4969 4974 4976 4985 5013 5017 5020 5032 5044 5047 5058 5059 5060 5071 5081 5098 5103 5127 5142 5156 5176 5181 5184 5192 5196 5201 5203 5212 5222 5260 5302 5308 5331 5336 5364 5377 5380 5384 5413 5458 5486 5500 5507 5512 5527 5533 5548 5549 5556 5602 5607 5610 5612 5667 5681 5689 5699 5700 5701 5721 5744 5747 5758 5759 5771 5777 5784 5799 5813 5838 5846 5852 5872 5888 5905 5906 5911 5962 5976 5977 5978 5984 5999 6005 6022 6040 6050 6062 6073 6084 6103 6113 6125 6131 6132 6163 6168 6172 6177 6181 6184 6188 6202 6230 6231 6233 6237 6275 6276 6283 6286 6291 6295 6299 6303 6304 6305 6308 6313 6319 6339 6340 6372 6374 6375 6381 6424 6437 6440 6443 6446 6448 6457 6460 6461 8895 8924 8956 8961 8978 8982 9005 9006 9007 9016 9029 9030 9039 9042 9043 9054 9058 9070 9074 9077 9087 9088 9111 9120 9136 9137 9138 9162 9166 9167 9171 9172 9173 9182 9183 9194 9201 9207 9208 9209 9233 9245 9250 9253 9257 9270 9276 9277 9283 9284 9293 9297 9308 9311 9316 9317 9327 9329 9335 9336 9344 9353 9358 9361 9375 9385 9395 9396 9402 9407 9411 9415 9416 9422 9424 9426 9435 9436 9437 9439 9440 9441 9442 9448 9449 9450 9457 9462 9466 9469 9473 9474 9482 9494 9498 9504 9505 9513 9519 9520 9527 9528 9538 9541 9542 9543 9549 9552 9556 9557 9561 9567 9574 9575 9576 9581 9585 9593 9600 9606 9607 9610 9623 9624 9634 9635 9639 9649 9654 9657 9658 9665 9673 9676 9677 9684 9693 9694 9698 9703 9704 9712 9713 9734 9740 9741 9742 9743 9746 9749 9750 9753 9758 9773 9774 9775 9778 9779 9780 9782 9783 9785 9786 9787 9790 9791 9792 9793 9794 9795 9798 9799 9800 9807 9808 9811 9812 9815 9821 9822 9825 9827 9830 9837 9840 9842 9843 9846 9853 9854 9857 9861 9862 9869 9872 9874 9875 9876 9877 9878 9888 9889 9890 9893 9902 9903 9904 9911 9915 9917 9918 9927 9930 9932 9934 9935 9938 9942 9943 9946 9950 9956 9957 9964 9968 9969 9970 9976 9982 9983 9985 9986 9990 9991 10001 10002 10007 10011 10012 10020 10025 10026 10030 10046 10047 10048 10051 10052 10053 10055 10056 10062 10064 10065 10071 10077 10081 10083 10084 10088 10089 10090 10093 10099 10100 10101 10107 10108 10109 10115 10116 10117 10118 10128 10129 10132 10136 10140 10141 10142 10147 10153 10154 10156 10157 10158 10162 10163 10164 10167 10168 10171 10173 10174 10179 10183 10186 10192 10193 10199 10200 10206 10210 10211 10213 10217 10218 10224 10225 10226 10231 10232 10233 10234 10239 10242 10244 10246 10251 10252 10255 10256 10258 10262 10266 10270 10271 10275 10283 10286 10287 10289 10290 10296 10297 10298 10299 10300 10304 10305 10310 10312 10322 10327 10328 10331 10332 10334 10338 10339 10343 10351 10354 10356 10357 10360 10361 10363 10366 10368 10369 10375 10377 10381 10387 10390 10391 10392 10393 10400 10401 10402 10403 10411 10412 10416 10419 10420 10422 10425 10429 10432 10434 10437 10442 10443 10448 10455 10456 10461 10462 10463 10464 10468 10469 10470 10471 10476 10477 10478 10482 10484 10485 10494 10495 10496 10497 10501 10505 10506 10507 10515 10517 10521 10522 10529 10533 10537 10543 10544 10547 10548 10550 10554 10558 10565 10574 10575 10576 10578 10580 10587 10588 10589 10592 10594 10601 10602 10603 10604 10605 10608 10611 10612 10613 10618 10621 10624 10625 10631 10634 10637 10639 10640 10643 10645 10650 10651 10653 10654 10655 10656 10663 10671 10672 10677 10678 10688 10689 10690 10691 10694 10699 10702 10706 10712 10718 10722 10723 10724 10726 10727 10736 10739 10740 10749 10750 10756 10757 10759 10762 10776 10777 10783 10786 10787 10788 10791 10792 10805 10812 10813 10815 10816 10817 10818 10823 10826 10829 10830 10833 10834 10840 10844 10845 10850 10853 10858 10861 10876 10878 10883 10885 10905 10942 10944 12161 12162 12163 19547 10460 10500 2310 1757 665 3703 10717 10725 4 4076 6436 10810 5139 10995 11012 10974 10994 3078 4708 1633 4878 10992 5539 1177 10904 2962 3810 10999 10921 10895 10986 10980 10966 6190 10903 4636 1273 19553 6447 1789
	}
	weather={
	}
}
