strategic_region={
	id=93
	name="STRATEGICREGION_93"
	provinces={
		12221 12243 12246 12252 12256 12259 12261 12274 12276 12287 12288 12289 12297 12298 12305 12322 12331 12341 12361 12363 12366 12367 12369 12372 12374 12375 12377 12385 12398 12415 12416 12418 12419 12427 12428 12433 12439 12440 12446 12449 12455 12458 12459 12463 12464 12466 12471 12477 12490 12516 12520 12524 12526 12527 12545 12557 12565 12587 12589 12591 12601 12610 12615 12625 12629 12640 12645 12647 12650 12658 12662 12664 12669 12675 12678 12680 12693 12706 12708 12710 12711 12715 12720 12728 12734 12736 12742 12752 12757 12760 12762 12763 12770 12775 12778 12785 12798 12799 12805 12811 12813 12821 12822 12828 12838 12843 12845 12846 12847 12854 12857 12861 12866 12867 12868 12871 12881 12883 12887 12888 12892 12894 12895 12903 12904 12906 12911 12920 12923 12930 12934 12936 12942 12954 12955 12957 12958 12974 12975 12983 12984 12986 12994 12995 12996 13002 13005 13008 13009 13019 13021 13022 13028 13029 13047 13049 13050 13052 13057 13064 13082 13088 13090 13093 13095 13109 13119 13120 13130 13131 13134 13139 13140 13142 13148 13151 13153 13166 13174 13176 13183 13188 13192 13198 13202 13204 13211 13214 13216 13237 13249 13258 13260 13264 13270 13271 13279 13292 13303 13324 13328 13331 13334 13347 13351 13362 13366 13371 13374 13382 13384 13387 13389 13391 13392 13403 13412 13421 13426 13439 13445 13463 13464 13465 13468 13475 13476 13477 13482 13483 13490 13497 13512 13532 13533 13535 13536 13550 13556 13557 13560 13563 13565 13569 13574 13580 13581 13585 13592 13593 13594 13598 13607 13613 13626 13635 13640 13641 13671 13677 13678 13681 13683 13696 13700 13720 13733 13738 13747 13751 13752 13763 13766 13778 13782 13792 13793 13794 13801 13802 13812 13813 13823 13825 13828 13832 13838 13842 13875 13898 13905 13917 13923 13926 13941 13944 13953 13954 13958 13962 13970 13971 13982 13995 14001 14006 14019 14029 14036 14038 14045 14046 14048 14057 14076 14085 14094 14105 14128 14144 14150 14160 14166 14170 14174 14175 14181 14187 14202 14209 14213 14215 14240 14241 14243 14246 14250 14251 14257 14258 14260 14264 14273 14277 14284 14285 14288 14296 14313 14317 14322 14323 14324 14325 14326 14334 14340 14344 14349 14376 14386 14392 14397 14399 14405 14411 14435 14436 14437 14438 14440 14448 14452 14454 14457 14471 14477 14492 14499 14523 14534 14537 14547 14549 14557 14569 14570 14574 14577 14579 14583 14585 14586 14599 14600 14603 14612 14613 14616 14618 14630 14645 14649 14658 14664 14673 14676 14682 14685 14693 14699 14721 14725 14728 14735 14740 14745 14751 14767 14797 14799 14802 14808 14814 14819 14822 14824 14831 14848 14854 14858 14862 14864 14882 14883 14894 14898 14923 14930 14936 14942 14951 14966 14970 14997 15024 15031 15033 15040 15045 15049 15055 15061 15065 15068 15070 15083 15086 15108 15131 15139 15154 15155 15164 15174 15178 15189 15192 15199 15203 15212 15222 15227 15231 15237 15239 15258 15259 15295 15298 15312 15316 15325 15342 15344 15347 15348 15358 15363 15374 15377 15380 15383 15386 15395 15404 15410 15429 15455 15456 15470 15471 15477 15478 15485 15494 15498 15514 15534 15540 15546 15550 15576 15586 15589 15590 15605 15609 15611 15623 15629 15634 15649 15651 15652 15660 15674 15675 15687 15688 15693 15700 15702 15704 15709 15717 15728 15730 15732 15733 15737 15741 15750 15752 15758 15760 15780 15819 15828 15840 15861 15863 15869 15876 15904 15919 15941 15943 15944 15954 15960 15962 15965 15967 15976 15983 16020 16024 16026 16035 16037 16043 16045 16056 16080 16097 16100 16107 16116 16127 16128 16142 16148 16185 16191 16210 16218 16222 16235 16237 16243 16265 16273 16285 16288 16300 16309 16310 16321 16330 16333 16339 16355 16370 16395 16412 16413 16415 16424 16428 16439 16440 16443 16451 16465 16467 16471 16481 16482 16485 16496 16500 16512 16514 16519 16520 16539 16555 16587 16607 16608 16610 16613 16618 16619 16626 16644 16651 16653 16655 16661 16688 16693 16697 16704 16706 16708 16718 16724 16725 16742 16752 16793 16796 16799 16805 16811 16819 16824 16826 16827 16847 16860 16904 16938 16940 16952 16953 16964 16970 16987 16990 16992 16998 17038 17043 17045 17077 17111 17120 17126 17127 17131 17152 17155 17160 17164 17170 17176 17180 17187 17191 17192 17196 17199 17215 17219 17239 17246 17255 17277 17313 17322 17336 17353 17360 17362 17380 17386 17405 17411 17431 17435 17455 17463 17471 17475 17485 17488 17508 17514 17517 17529 17533 17551 17553 17577 17584 17607 17622 17624 17630 17642 17652 17662 17665 17671 17673 17678 17695 17710 17713 17753 17756 17763 17765 17766 17767 17791 17805 17807 17815 17816 17826 17836 17838 17847 18138 18140 18150 18153 18172 18176 18178 18179 18181 18186 18191 18193 18204 18207 18215 18224 18226 18228 18237 18238 18239 18246 18250 18253 18259 18262 18269 18270 18273 18277 18280 18289 18293 18301 18302 18307 18312 18313 18319 18324 18333 18336 18342 18350 18355 18360 18361 18362 18363 18364 18370 18375 18379 18381 18384 18386 18393 18399 18409 18411 18417 18426 18429 18439 18448 18450 18460 18468 18483 18484 18486 18488 18521 18523 18535 18537 18548 18552 18561 18564 18571 18577 18579 18590 18591 18600 18607 18608 18619 18630 18638 18646 18649 18653 18655 18663 18664 18667 18669 18671 18679 18705 18714 18725 18726 18735 18757 18777 18778 18788 18789 18800 18802 18819 18824 18828 18831 18832 18842 18846 18848 18857 18868 18878 18895 18929 18932 18942 18953 18978 18996 
	}
	naval_terrain=water_deep_ocean
	weather={
		period={
			between={ 0.0 30.0 }
			temperature={ -15.0 2.0 }
			#temperature_day_night={ -2.0 2.0 }
			no_phenomenon=0.500
			rain_light=0.400
			rain_heavy=0.250
			snow=0.000
			blizzard=0.000
			arctic_water=0.000
			mud=1.000
			sandstorm=0.000
			min_snow_level=0.000
		}
		period={
			between={ 0.1 27.1 }
			temperature={ -15.0 2.0 }
			#temperature_day_night={ -2.0 2.0 }
			no_phenomenon=0.500
			rain_light=0.400
			rain_heavy=0.250
			snow=0.000
			blizzard=0.000
			arctic_water=0.000
			mud=1.000
			sandstorm=0.000
			min_snow_level=0.000
		}
		period={
			between={ 0.2 30.2 }
			temperature={ 4.0 10.0 }
			#temperature_day_night={ -2.0 2.0 }
			no_phenomenon=0.500
			rain_light=0.250
			rain_heavy=0.100
			snow=0.000
			blizzard=0.000
			arctic_water=0.000
			mud=1.000
			sandstorm=0.000
			min_snow_level=0.000
		}
		period={
			between={ 0.3 29.3 }
			temperature={ 4.0 10.0 }
			#temperature_day_night={ -2.0 2.0 }
			no_phenomenon=0.500
			rain_light=0.250
			rain_heavy=0.100
			snow=0.000
			blizzard=0.000
			arctic_water=0.000
			mud=1.000
			sandstorm=0.000
			min_snow_level=0.000
		}
		period={
			between={ 0.4 30.4 }
			temperature={ 5.0 15.0 }
			#temperature_day_night={ -2.0 2.0 }
			no_phenomenon=0.500
			rain_light=0.250
			rain_heavy=0.100
			snow=0.000
			blizzard=0.000
			arctic_water=0.000
			mud=1.000
			sandstorm=0.000
			min_snow_level=0.000
		}
		period={
			between={ 0.5 29.5 }
			temperature={ 5.0 15.0 }
			#temperature_day_night={ -2.0 2.0 }
			no_phenomenon=0.500
			rain_light=0.250
			rain_heavy=0.100
			snow=0.000
			blizzard=0.000
			arctic_water=0.000
			mud=1.000
			sandstorm=0.000
			min_snow_level=0.000
		}
		period={
			between={ 0.6 30.6 }
			temperature={ 5.0 15.0 }
			#temperature_day_night={ -2.0 2.0 }
			no_phenomenon=0.500
			rain_light=0.250
			rain_heavy=0.100
			snow=0.000
			blizzard=0.000
			arctic_water=0.000
			mud=1.000
			sandstorm=0.000
			min_snow_level=0.000
		}
		period={
			between={ 0.7 30.7 }
			temperature={ 0.0 8.0 }
			#temperature_day_night={ -2.0 2.0 }
			no_phenomenon=0.500
			rain_light=0.400
			rain_heavy=0.200
			snow=0.000
			blizzard=0.000
			arctic_water=0.000
			mud=1.000
			sandstorm=0.000
			min_snow_level=0.000
		}
		period={
			between={ 0.8 29.8 }
			temperature={ 0.0 8.0 }
			#temperature_day_night={ -2.0 2.0 }
			no_phenomenon=0.500
			rain_light=0.400
			rain_heavy=0.200
			snow=0.000
			blizzard=0.000
			arctic_water=0.000
			mud=1.000
			sandstorm=0.000
			min_snow_level=0.000
		}
		period={
			between={ 0.9 30.9 }
			temperature={ 0.0 8.0 }
			#temperature_day_night={ -2.0 2.0 }
			no_phenomenon=0.500
			rain_light=0.400
			rain_heavy=0.200
			snow=0.000
			blizzard=0.000
			arctic_water=0.000
			mud=1.000
			sandstorm=0.000
			min_snow_level=0.000
		}
		period={
			between={ 0.10 29.10 }
			temperature={ -15.0 2.0 }
			#temperature_day_night={ -2.0 2.0 }
			no_phenomenon=0.500
			rain_light=0.400
			rain_heavy=0.250
			snow=0.000
			blizzard=0.000
			arctic_water=0.000
			mud=1.000
			sandstorm=0.000
			min_snow_level=0.000
		}
		period={
			between={ 0.11 30.11 }
			temperature={ -15.0 2.0 }
			#temperature_day_night={ -2.0 2.0 }
			no_phenomenon=0.500
			rain_light=0.400
			rain_heavy=0.250
			snow=0.000
			blizzard=0.000
			arctic_water=0.000
			mud=1.000
			sandstorm=0.000
			min_snow_level=0.000
		}
		period={
			between={ 4.11 21.11 }
			temperature={ -10.0 35.0 }
			#temperature_day_night={ 2.0 -2.0 }
			no_phenomenon=1.500
			rain_light=0.250
			rain_heavy=0.100
			snow=0.000
			blizzard=0.000
			arctic_water=0.000
			mud=0.000
			sandstorm=0.000
			min_snow_level=0.000
		}
	}
}
