strategic_region={
	id=95
	name="STRATEGICREGION_95"
	provinces={
		12222 12227 12236 12249 12258 12267 12268 12272 12281 12286 12295 12296 12303 12306 12309 12316 12319 12347 12349 12358 12359 12365 12370 12371 12382 12397 12410 12413 12437 12442 12443 12453 12460 12462 12468 12481 12483 12485 12493 12498 12500 12503 12504 12506 12509 12534 12543 12551 12562 12579 12584 12596 12597 12600 12606 12636 12641 12642 12648 12671 12679 12689 12696 12704 12712 12718 12721 12731 12733 12737 12744 12745 12755 12771 12791 12794 12801 12803 12820 12823 12826 12832 12842 12850 12852 12862 12873 12874 12879 12880 12882 12884 12917 12922 12924 12932 12933 12940 12943 12962 12991 12993 13004 13007 13013 13023 13026 13032 13034 13041 13059 13063 13066 13068 13074 13075 13079 13099 13107 13116 13133 13141 13155 13157 13159 13161 13164 13167 13172 13175 13180 13184 13185 13190 13195 13197 13200 13201 13208 13215 13219 13222 13227 13230 13244 13245 13248 13283 13285 13307 13310 13315 13318 13321 13326 13327 13342 13361 13369 13372 13378 13381 13386 13393 13420 13433 13442 13447 13450 13454 13455 13458 13470 13479 13484 13509 13513 13528 13541 13552 13562 13572 13576 13579 13583 13588 13614 13617 13627 13629 13657 13658 13660 13666 13672 13682 13690 13691 13703 13717 13719 13726 13734 13735 13740 13746 13757 13768 13770 13773 13777 13780 13791 13797 13800 13804 13811 13827 13840 13844 13847 13857 13863 13869 13873 13885 13892 13908 13916 13921 13928 13933 13937 13940 13966 13969 13981 13985 14003 14016 14044 14050 14059 14064 14082 14084 14102 14112 14113 14121 14126 14171 14172 14184 14189 14190 14206 14220 14222 14223 14225 14228 14263 14280 14283 14290 14300 14310 14327 14330 14332 14343 14360 14364 14368 14371 14400 14409 14412 14419 14420 14447 14464 14467 14481 14493 14494 14497 14500 14504 14509 14513 14525 14536 14538 14559 14566 14594 14595 14638 14665 14666 14668 14672 14678 14700 14706 14714 14715 14726 14732 14743 14748 14758 14786 14823 14825 14836 14839 14843 14855 14861 14869 14870 14872 14875 14884 14885 14887 14888 14892 14895 14906 14909 14919 14920 14947 14956 14957 14961 14973 14975 14989 14990 14996 15000 15001 15006 15026 15038 15067 15072 15075 15078 15095 15106 15109 15127 15169 15171 15172 15181 15184 15217 15241 15243 15265 15270 15273 15278 15294 15310 15311 15314 15320 15324 15329 15330 15332 15333 15343 15366 15379 15381 15387 15388 15389 15393 15401 15412 15417 15424 15447 15449 15451 15509 15512 15542 15553 15554 15562 15571 15572 15575 15580 15608 15613 15621 15628 15633 15640 15642 15647 15657 15670 15676 15695 15774 15779 15783 15800 15809 15818 15830 15837 15848 15850 15865 15872 15879 15916 15938 15957 15963 15989 15990 15998 16000 16022 16023 16028 16036 16040 16069 16073 16086 16114 16131 16138 16147 16160 16170 16171 16174 16181 16192 16195 16200 16220 16223 16225 16228 16232 16236 16257 16267 16274 16283 16287 16295 16312 16337 16347 16369 16372 16378 16382 16400 16409 16446 16447 16478 16480 16498 16499 16511 16566 16600 16622 16623 16647 16650 16652 16682 16695 16729 16766 16769 16779 16786 16787 16791 16792 16812 16825 16841 16862 16863 16878 16880 16933 16944 16951 16954 16955 16956 16961 16974 17018 17028 17032 17055 17064 17068 17095 17134 17137 17139 17146 17158 17168 17181 17203 17225 17240 17271 17324 17344 17383 17392 17402 17415 17427 17432 17434 17451 17453 17456 17487 17492 17504 17546 17556 17575 17586 17592 17626 17644 17646 17689 17747 17778 17781 17808 17831 17839 17860 18157 18170 18190 18200 18203 18206 18220 18231 18247 18254 18284 18315 18321 18322 18337 18338 18339 18343 18352 18357 18371 18382 18383 18395 18398 18402 18405 18423 18430 18438 18463 18491 18495 18515 18516 18529 18540 18549 18551 18583 18613 18622 18623 18631 18640 18660 18678 18684 18692 18711 18715 18740 18759 18760 18784 18799 18806 18822 18823 18851 18861 18875 18896 18897 18904 18906 18911 18920 18924 18930 18933 18968 18990 19012 19046 19053 19062 19071 19098 19105 19107 19166 19198 19202 19246 19267 19274 
	}
	naval_terrain=water_deep_ocean
	weather={
		period={
			between={ 0.0 30.0 }
			temperature={ -20.0 0.0 }
			temperature_day_night={ -2.0 2.0 }
			no_phenomenon=0.500
			rain_light=0.250
			rain_heavy=0.100
			snow=0.000
			blizzard=0.000
			arctic_water=1.000
			mud=1.000
			sandstorm=0.000
			min_snow_level=0.000
		}
		period={
			between={ 0.1 27.1 }
			temperature={ -20.0 0.0 }
			temperature_day_night={ -2.0 2.0 }
			no_phenomenon=0.500
			rain_light=0.250
			rain_heavy=0.100
			snow=0.000
			blizzard=0.000
			arctic_water=1.000
			mud=1.000
			sandstorm=0.000
			min_snow_level=0.000
		}
		period={
			between={ 0.2 30.2 }
			temperature={ -20.0 0.0 }
			temperature_day_night={ -2.0 2.0 }
			no_phenomenon=0.500
			rain_light=0.250
			rain_heavy=0.100
			snow=0.000
			blizzard=0.000
			arctic_water=1.000
			mud=1.000
			sandstorm=0.000
			min_snow_level=0.000
		}
		period={
			between={ 0.3 29.3 }
			temperature={ -20.0 0.0 }
			temperature_day_night={ -2.0 2.0 }
			no_phenomenon=0.500
			rain_light=0.250
			rain_heavy=0.100
			snow=0.000
			blizzard=0.000
			arctic_water=1.000
			mud=1.000
			sandstorm=0.000
			min_snow_level=0.000
		}
		period={
			between={ 0.4 30.4 }
			temperature={ -20.0 0.0 }
			temperature_day_night={ -2.0 2.0 }
			no_phenomenon=0.500
			rain_light=0.250
			rain_heavy=0.100
			snow=0.000
			blizzard=0.000
			arctic_water=1.000
			mud=1.000
			sandstorm=0.000
			min_snow_level=0.000
		}
		period={
			between={ 0.5 29.5 }
			temperature={ -20.0 0.0 }
			temperature_day_night={ -2.0 2.0 }
			no_phenomenon=0.500
			rain_light=0.250
			rain_heavy=0.100
			snow=0.000
			blizzard=0.000
			arctic_water=1.000
			mud=1.000
			sandstorm=0.000
			min_snow_level=0.000
		}
		period={
			between={ 0.6 30.6 }
			temperature={ -20.0 0.0 }
			temperature_day_night={ -2.0 2.0 }
			no_phenomenon=0.500
			rain_light=0.250
			rain_heavy=0.100
			snow=0.000
			blizzard=0.000
			arctic_water=1.000
			mud=1.000
			sandstorm=0.000
			min_snow_level=0.000
		}
		period={
			between={ 0.7 30.7 }
			temperature={ -20.0 0.0 }
			temperature_day_night={ -2.0 2.0 }
			no_phenomenon=0.500
			rain_light=0.250
			rain_heavy=0.100
			snow=0.000
			blizzard=0.000
			arctic_water=1.000
			mud=1.000
			sandstorm=0.000
			min_snow_level=0.000
		}
		period={
			between={ 0.8 29.8 }
			temperature={ -20.0 0.0 }
			temperature_day_night={ -2.0 2.0 }
			no_phenomenon=0.500
			rain_light=0.250
			rain_heavy=0.100
			snow=0.000
			blizzard=0.000
			arctic_water=1.000
			mud=1.000
			sandstorm=0.000
			min_snow_level=0.000
		}
		period={
			between={ 0.9 30.9 }
			temperature={ -20.0 0.0 }
			temperature_day_night={ -2.0 2.0 }
			no_phenomenon=0.500
			rain_light=0.250
			rain_heavy=0.100
			snow=0.000
			blizzard=0.000
			arctic_water=1.000
			mud=1.000
			sandstorm=0.000
			min_snow_level=0.000
		}
		period={
			between={ 0.10 29.10 }
			temperature={ -20.0 0.0 }
			temperature_day_night={ -2.0 2.0 }
			no_phenomenon=0.500
			rain_light=0.250
			rain_heavy=0.100
			snow=0.000
			blizzard=0.000
			arctic_water=1.000
			mud=1.000
			sandstorm=0.000
			min_snow_level=0.000
		}
		period={
			between={ 0.11 30.11 }
			temperature={ -20.0 0.0 }
			temperature_day_night={ -2.0 2.0 }
			no_phenomenon=0.500
			rain_light=0.250
			rain_heavy=0.100
			snow=0.000
			blizzard=0.000
			arctic_water=1.000
			mud=1.000
			sandstorm=0.000
			min_snow_level=0.000
		}
		period={
			between={ 4.11 21.11 }
			temperature={ -10.0 35.0 }
			temperature_day_night={ 2.0 -2.0 }
			no_phenomenon=1.500
			rain_light=0.250
			rain_heavy=0.100
			snow=0.000
			blizzard=0.000
			arctic_water=1.000
			mud=0.000
			sandstorm=0.000
			min_snow_level=0.000
		}
	}
}
