
strategic_region={
	id=98
	name="STRATEGICREGION_98"
	provinces={
		41 58 65 78 91 129 149 155 218 232 261 270 293 297 313 411 491 501 531 558 603 649 667 678 693 712 718 843 880 900 915 925 941 968 1019 1085 1143 1148 1163 1165 1176 1258 1287 1306 1311 1327 1390 1402 1404 1412 1415 1462 1498 1503 1504 1519 1521 1535 1566 1583 1584 1619 1640 1665 1688 1714 1718 1756 1761 1765 1781 1792 1806 1837 1849 1892 1899 1918 1953 1969 1989 1996 2017 2035 2044 2052 2066 2125 2131 2132 2144 2170 2182 2191 2204 2210 2219 2220 2248 2278 2318 2330 2341 2352 2374 2395 2397 2453 2471 2473 2475 2489 2544 2557 2561 2613 2616 2627 2645 2651 2653 2697 2716 2733 2740 2755 2778 2779 2801 2815 2818 2880 2886 2937 2946 2956 2967 3000 3002 3023 3033 3044 3079 3084 3095 3100 3135 3143 3167 3172 3180 3194 3202 3203 3207 3217 3218 3241 3242 3260 3261 3278 3280 3301 3345 3360 3382 3383 3396 3418 3429 3440 3453 3458 3479 3498 3505 3510 3524 3531 3535 3588 3616 3634 3693 3720 3734 3735 3736 3741 3788 3818 3819 3855 3861 3872 3873 3876 3877 3887 3902 3904 3905 3910 3915 3921 3934 3936 3962 4048 4065 4072 4085 4107 4156 4158 4177 4182 4189 4202 4226 4230 4236 4252 4253 4284 4303 4305 4312 4313 4317 4321 4338 4342 4348 4362 4380 4384 4390 4404 4419 4426 4437 4443 4447 4473 4488 4490 4495 4516 4525 4535 4536 4557 4567 4592 4593 4600 4614 4632 4648 4649 4652 4656 4658 4670 4675 4690 4709 4731 4733 4738 4761 4771 4776 4783 4784 4785 4804 4810 4811 4846 4888 4895 4905 4927 4931 4973 4986 5019 5033 5037 5053 5056 5064 5076 5085 5141 5152 5157 5158 5171 5175 5185 5188 5208 5209 5227 5228 5231 5262 5265 5270 5294 5316 5335 5352 5396 5406 5416 5428 5431 5446 5456 5457 5465 5473 5491 5498 5509 5513 5552 5553 5555 5560 5578 5595 5622 5624 5626 5627 5643 5651 5660 5675 5678 5693 5702 5708 5720 5722 5730 5734 5743 5751 5752 5754 5761 5779 5803 5804 5841 5860 5885 5892 5907 5934 5940 5941 5954 5959 5960 5973 5979 5995 6000 6018 6034 6042 6051 6065 6083 6104 6107 6110 6124 6127 6136 6183 6209 6257 6263 6271 6272 6285 6290 6294 6298 6301 6317 6330 6338 6348 6355 6360 6365 6376 6377 6412 6414 6422 6423 6435 6439 6442 6452 6453 6458 9222 9223 9263 9278 9291 9299 9331 9364 9365 9372 9390 9392 9397 9404 9408 9409 9428 9431 9438 9447 9451 9458 9471 9475 9476 9484 9485 9495 9499 9506 9507 9514 9522 9523 9535 9539 9544 9545 9550 9554 9555 9559 9560 9569 9582 9583 9590 9591 9594 9601 9602 9619 9620 9627 9629 9636 9637 9643 9644 9655 9659 9666 9667 9672 9678 9686 9687 9688 9699 9705 9708 9714 9715 9721 9724 9725 9728 9729 9730 9731 9737 9738 9744 9747 9748 9751 9754 9755 9756 9757 9759 9760 9761 9764 9765 9766 9768 9769 9770 9776 9784 9788 9801 9802 9803 9809 9816 9817 9819 9820 9823 9824 9828 9829 9831 9833 9847 9848 9849 9850 9855 9856 9858 9863 9867 9873 9879 9882 9886 9891 9892 9894 9898 9899 9905 9906 9909 9912 9913 9919 9920 9925 9928 9929 9931 9933 9936 9937 9939 9940 9947 9951 9952 9960 9965 9971 9972 9973 9977 9978 9979 9987 9988 9992 9993 9997 10003 10004 10008 10009 10013 10014 10015 10016 10021 10022 10027 10028 10031 10036 10038 10039 10040 10041 10042 10049 10054 10057 10058 10066 10067 10072 10073 10078 10082 10085 10091 10094 10095 10097 10102 10103 10110 10111 10119 10124 10130 10131 10133 10135 10148 10149 10155 10159 10160 10165 10166 10169 10170 10177 10180 10187 10188 10194 10195 10196 10197 10201 10202 10203 10204 10207 10212 10214 10220 10227 10228 10229 10235 10236 10237 10240 10247 10248 10249 10259 10260 10263 10264 10267 10268 10272 10273 10276 10279 10280 10281 10291 10294 10295 10301 10306 10307 10308 10313 10314 10317 10318 10320 10323 10324 10329 10333 10335 10336 10340 10344 10345 10347 10349 10350 10358 10364 10365 10367 10370 10376 10378 10384 10385 10388 10394 10397 10398 10404 10405 10406 10407 10409 10413 10421 10423 10426 10430 10433 10435 10438 10444 10445 10446 10447 10449 10450 10451 10452 10472 10481 10488 10489 10502 10508 10511 10516 10518 10523 10528 10530 10534 10538 10546 10559 10560 10564 10590 10595 10596 10597 10598 10607 10609 10614 10615 10626 10646 10647 10657 10658 10659 10664 10674 10675 10679 10685 10686 10692 10705 10707 10714 10715 10728 10733 10737 10738 10741 10745 10751 10752 10760 10763 10768 10784 10793 10799 10806 10811 10814 10819 10820 10824 10827 10831 10835 10841 10851 10852 10854 10855 10856 10859 10862 10864 10865 10869 10872 10877 10879 10884 10891 10896 10910 10911 10919 10922 10931 10937 10947 10951 10959 10960 10964 10978 10979 10984 10985 10987 11001 11006 11007 11008 11013 11021 11023 11024 11026 11027 11031 11041 11045 11056 11057 11060 11065 11073 11079 11081 11084 11086 11087 11093 11096 11102 11107 11108 11112 11114 11118 11119 11122 11128 11129 11143 11144 11153 11154 11155 11157 11160 11162 11170 11174 11175 11186 11199 11207 11215 11221 11229 11236 11239 11242 11244 11249 11255 11258 11268 11270 11274 11280 11284 11293 11298 11323 12150 12152 12153 12155 12156 12160 12166 12167 19536 19537 19538 19539 19540 19542 19554 19556 9562 9588 5435 1149 9674 9586 9611 9608 9630 9618 9642 9650 1648 6082 2742
	}
	weather={
	}
}
