
strategic_region={
	id=103
	name="STRATEGICREGION_103"
	provinces={
		5 6 13 25 42 63 71 77 79 80 89 90 95 98 106 137 143 154 166 167 175 195 213 222 226 244 255 264 266 277 280 310 331 336 346 350 367 386 397 417 427 434 445 449 464 465 467 475 500 507 510 513 522 528 566 568 569 572 581 610 624 628 647 670 671 674 685 697 704 729 739 755 761 772 777 791 793 802 803 804 808 846 860 887 891 895 926 940 954 965 992 1007 1017 1024 1025 1029 1030 1031 1042 1051 1052 1060 1073 1079 1081 1092 1094 1102 1119 1132 1138 1141 1175 1183 1193 1197 1198 1199 1214 1217 1219 1226 1229 1234 1242 1245 1313 1320 1339 1351 1352 1353 1354 1357 1366 1379 1383 1384 1388 1400 1406 1419 1436 1447 1456 1460 1461 1466 1467 1468 1470 1486 1497 1512 1517 1520 1527 1530 1567 1580 1587 1590 1607 1616 1683 1689 1691 1712 1713 1730 1747 1758 1777 1779 1815 1835 1870 1871 1881 1904 1908 1915 1926 1927 1942 1954 1962 1966 1968 1988 1991 2008 2016 2018 2031 2040 2050 2056 2070 2081 2088 2091 2104 2107 2174 2196 2207 2252 2258 2271 2284 2289 2323 2368 2389 2392 2436 2439 2440 2462 2493 2503 2522 2530 2545 2546 2551 2554 2571 2582 2659 2672 2682 2707 2710 2713 2720 2722 2741 2747 2760 2782 2792 2795 2867 2909 2916 2933 2935 2939 2961 2978 3019 3020 3024 3058 3085 3102 3119 3122 3148 3153 3176 3210 3211 3246 3248 3259 3269 3284 3299 3304 3309 3323 3328 3330 3342 3369 3377 3389 3393 3394 3423 3439 3457 3474 3481 3488 3491 3520 3561 3593 3603 3618 3651 3656 3670 3681 3697 3699 3712 3715 3724 3743 3745 3754 3756 3773 3776 3782 3796 3798 3808 3817 3822 3847 3888 3917 3965 3967 3969 3987 3996 4055 4100 4106 4120 4124 4126 4188 4191 4234 4237 4399 4402 4433 4438 4441 4477 4513 4524 4571 4573 4597 4623 4634 4641 4655 4666 4676 4679 4736 4744 4757 4773 4774 4778 4802 4851 4898 4921 4928 4982 4990 4993 5002 5003 5069 5070 5078 5084 5101 5110 5115 5120 5190 5207 5229 5251 5322 5330 5332 5394 5433 5448 5455 5462 5487 5515 5544 5570 5574 5598 5646 5650 5725 5726 5778 5782 5863 5871 5897 5939 5988 6013 6037 6055 6063 6067 6114 6146 6178 6191 6196 6199 6242 6250 6278 6315 6318 6383 6388 6392 6781 6981 6982 7022 7065 7095 7152 7160 7174 7190 7243 7249 7272 7296 7300 7312 7325 7338 7359 7380 7385 7386 7391 7434 7435 7442 7447 7463 7482 7529 7615 7618 7629 7644 7669 7688 7697 7752 7774 7794 7799 7809 7855 7862 7881 7942 7976 8018 8025 8057 8116 8127 8145 8146 8189 8208 8213 8214 8239 8245 8258 8276 8289 8298 8311 8320 8324 8395 8416 8448 8449 8481 8498 8526 8530 8551 8581 8590 8634 8637 8694 8714 8725 8780 8786 8787 8788 8882 8887 8943 8944 8954 8990 8996 9020 9024 9036 9046 9062 9068 9101 9146 9156 9178 9211 9220 9249 9266 9274 9307 9315 9349 9352 9393 9399 9410 9465 9472 9486 9511 9517 9518 9531 9572 9579 9621 9638 9652 9662 9717 9723 9732 9885 9887 9896 9897 9910 9948 9949 9962 9963 9967 10024 10029 10034 10069 10121 10161 10175 10176 10182 10205 10215 10219 10223 10245 10257 10269 10278 10285 10311 10319 10326 10341 10342 10348 10355 10359 10408 10415 10431 10436 10453 10474 10499 10551 10593 10648 10661 19472 19474 19505 19506 19521 19524 19526 19532 19591 19602 19603 19604 19605 19606 5826 6096 7703 9916 11357 11954 11964  
	}
	weather={
	}
}
