
strategic_region={
	id=109
	name="STRATEGICREGION_109"
	provinces={
		120 152 363 406 433 436 580 589 815 1112 1118 1568 1618 1752 1975 2106 2270 2417 2494 2619 2644 2673 2688 2758 2836 2901 3027 3080 3149 3204 3214 3254 3326 3351 3630 3684 3765 3778 3878 3971 4050 4143 4144 4318 4354 4616 4836 4868 4904 4988 4994 5035 5050 5075 5104 5106 5136 5154 5295 5376 5680 5776 5820 5835 5837 5851 5853 5972 6236 6288 6300 6312 6345 6363 6400 11438 11446 11447 11450 11451 11452 11453 11454 11456 11458 11459 11464 11466 11467 11468 11470 11471 11474 11480 11481 11482 11483 11484 11485 11486 11490 11492 11494 11495 11497 11499 11501 11504 11505 11506 11509 11512 11513 11515 11517 11518 11519 11521 11522 11524 11525 11526 11527 11529 11531 11533 11534 11538 11539 11542 11543 11544 11545 11547 11551 11555 11559 11560 11564 11565 11567 11570 11571 11580 11581 11585 11586 11588 11599 11601 11604 11606 11611 11612 11614 11615 11616 11619 11622 11624 11626 11628 11630 11635 11636 11637 11642 11646 11647 11650 11652 11653 11654 11658 11664 11665 11666 11668 11672 11680 11682 11683 12183 12184 12186 12187 12188 12190 12191 12192 
	}
	weather={
	}
}
