
strategic_region={
	id=110
	name="STRATEGICREGION_110"
	provinces={
		49 76 84 88 94 96 110 114 119 124 147 185 214 215 221 224 241 257 271 274 286 296 309 311 316 327 332 343 359 370 375 378 383 393 408 421 429 430 476 485 489 490 492 502 505 526 544 555 561 564 587 588 606 607 616 626 634 642 643 648 652 661 666 675 677 683 689 705 716 724 735 738 744 752 776 795 798 799 810 811 813 822 825 865 868 870 875 876 877 879 906 930 937 948 962 966 984 991 996 1010 1023 1040 1050 1077 1095 1103 1113 1121 1126 1139 1142 1159 1164 1179 1186 1188 1189 1225 1235 1244 1259 1305 1322 1328 1334 1335 1350 1359 1367 1392 1413 1423 1430 1434 1443 1472 1473 1484 1506 1528 1538 1540 1542 1546 1564 1569 1586 1594 1615 1632 1638 1639 1642 1681 1698 1715 1734 1746 1755 1766 1769 1771 1772 1773 1776 1778 1793 1796 1818 1825 1854 1859 1861 1863 1869 1877 1888 1897 1921 1931 1940 1948 1958 1970 1982 1995 2004 2007 2024 2034 2067 2077 2078 2094 2096 2110 2115 2116 2130 2138 2141 2159 2162 2163 2173 2176 2205 2208 2217 2249 2255 2288 2298 2344 2350 2357 2365 2367 2390 2393 2398 2400 2411 2433 2435 2446 2454 2460 2472 2480 2490 2495 2507 2515 2558 2573 2580 2583 2587 2593 2596 2609 2617 2640 2677 2686 2692 2700 2704 2726 2751 2756 2759 2769 2784 2802 2826 2828 2841 2848 2850 2856 2864 2885 2903 2904 2912 2913 2923 2948 2964 2970 3005 3008 3017 3042 3106 3108 3124 3130 3145 3150 3163 3173 3193 3220 3228 3252 3257 3268 3283 3294 3302 3307 3348 3352 3373 3385 3391 3402 3408 3416 3420 3433 3435 3446 3454 3473 3485 3521 3546 3548 3571 3581 3623 3627 3629 3648 3655 3666 3667 3695 3713 3721 3723 3751 3764 3779 3793 3815 3828 3851 3866 3867 3883 3885 3949 3957 3968 3980 3992 4014 4031 4046 4052 4098 4110 4121 4131 4142 4162 4164 4168 4222 4224 4225 4257 4277 4290 4294 4325 4329 4333 4347 4352 4357 4383 4415 4434 4449 4486 4591 4667 4672 4685 4711 4748 4753 4828 4830 4842 4845 4847 4859 4866 4867 4879 4884 4892 4900 4903 4938 4949 4975 4995 4996 5015 5030 5049 5054 5073 5107 5121 5126 5129 5134 5147 5151 5162 5202 5233 5242 5271 5325 5339 5345 5349 5361 5368 5375 5421 5430 5434 5440 5453 5464 5466 5492 5517 5524 5530 5559 5562 5616 5617 5635 5655 5666 5668 5687 5769 5802 5829 5832 5845 5865 5866 5877 5879 5904 5909 5910 5938 5952 5953 5966 6029 6044 6054 6074 6121 6147 6166 6169 6173 6218 6234 6261 6332 6336 6359 6368 6384 6409 6432 7020 7060 7088 7161 7234 7247 7281 7289 7294 7297 7326 7333 7424 7436 7576 7580 7619 7670 7678 7679 7698 7721 7729 7810 7817 7835 7836 7843 7882 7928 7934 7943 7944 7954 7977 7982 7983 7984 7996 8019 8020 8058 8072 8076 8084 8092 8097 8128 8157 8158 8164 8165 8176 8181 8194 8195 8204 8225 8229 8238 8250 8261 8262 8263 8267 8268 8271 8272 8277 8290 8291 8299 8305 8306 8315 8330 8337 8350 8373 8396 8401 8405 8409 8417 8418 8425 8434 8435 8436 8442 8463 8471 8476 8477 8482 8493 8499 8500 8504 8510 8511 8512 8519 8531 8532 8539 8543 8552 8563 8574 8575 8601 8608 8614 8620 8621 8635 8657 8662 8671 8674 8689 8690 8715 8728 8742 8756 8765 8766 8792 8802 8809 8817 8839 8849 8850 8856 8857 8861 8862 8897 8909 8927 8939 8958 8964 8965 8977 9017 9025 9037 9052 9086 9097 9102 9116 9126 9141 9149 9157 9160 9179 9200 9206 9212 9221 9242 9243 9244 9252 9275 9279 9287 9289 9310 9350 9379 9383 9400 9401 9414 9418 9421 9429 9434 9452 9455 9461 9479 9487 9488 9489 9492 9497 9503 9512 9525 9526 9532 9534 9537 9564 9565 9566 9573 9580 9587 9595 9597 9599 9614 9616 9617 9622 9626 9633 9647 9648 9653 9663 9664 9668 9670 9671 9681 9682 9683 9695 9696 9697 9701 9707 9711 9727 9733 9818 9852 9871 19473 19475 
	}
	weather={
	}
}
