
strategic_region={
	id=2
	name="STRATEGICREGION_2"
	provinces={
		28 43 52 55 123 134 199 201 206 212 238 248 281 283 301 403 446 447 474 494 498 521 530 542 559 563 575 598 707 708 722 742 769 812 821 830 831 856 884 886 917 928 977 989 993 1006 1048 1076 1086 1100 1101 1127 1133 1194 1195 1212 1218 1228 1243 1254 1263 1264 1267 1268 1269 1276 1279 1285 1299 1307 1308 1312 1326 1338 1346 1416 1418 1427 1448 1452 1500 1505 1526 1547 1553 1573 1575 1601 1609 1611 1624 1626 1635 1647 1673 1690 1727 1739 1803 1807 1810 1817 1828 1832 1842 1875 1878 1883 1919 1957 1963 1967 1974 1983 1997 2041 2093 2127 2139 2148 2193 2212 2231 2282 2369 2376 2377 2448 2452 2476 2517 2529 2531 2533 2542 2565 2584 2588 2625 2643 2675 2679 2689 2690 2717 2718 2719 2730 2734 2798 2813 2817 2831 2857 2868 2873 2884 2910 2986 2996 3001 3010 3021 3022 3036 3049 3053 3083 3086 3087 3099 3110 3118 3125 3162 3165 3187 3200 3233 3234 3239 3240 3255 3265 3325 3334 3367 3392 3409 3460 3462 3518 3523 3526 3551 3558 3565 3579 3594 3604 3633 3637 3645 3669 3673 3679 3692 3694 3758 3769 3777 3787 3802 3821 3831 3836 3837 3840 3843 3858 3870 3871 3886 3889 3891 3906 3940 3948 3954 3955 3976 3979 3995 4008 4017 4025 4061 4064 4071 4094 4102 4117 4130 4195 4197 4205 4211 4218 4238 4261 4292 4296 4336 4356 4381 4422 4474 4491 4503 4510 4515 4519 4547 4562 4570 4583 4602 4611 4615 4699 4746 4747 4749 4750 4754 4768 4777 4792 4795 4837 4897 4922 4951 4968 5000 5001 5009 5022 5041 5057 5099 5119 5153 5165 5186 5193 5198 5218 5234 5235 5320 5351 5391 5392 5398 5432 5460 5479 5484 5537 5550 5587 5594 5670 5727 5729 5772 5806 5812 5828 5873 5917 5955 5974 5986 6019 6031 6039 6045 6059 6093 6095 6123 6133 6151 6222 6228 6235 6251 6306 6321 6322 6334 6343 6358 6396 6408 6438 9669 9700 9767 9781 9841 9870 9881 9923 9924 9945 9959 9989 9996 10035 10063 10070 10076 10092 10114 10123 10127 10146 10152 10254 10261 10288 10302 10303 10315 10316 10337 10353 10373 10374 10380 10396 10439 10459 10467 10480 10483 10493 10504 10510 10520 10524 10525 10527 10536 10542 10552 10553 10557 10569 10570 10571 10585 10591 10600 10623 10630 10633 10636 10649 10662 10669 10670 10683 10684 10687 10693 10697 10698 10701 10704 10709 10710 10711 10721 10732 10734 10735 10742 10747 10748 10758 10761 10766 10767 10770 10771 10773 10774 10775 10782 10785 10789 10790 10796 10797 10798 10802 10803 10804 10809 10832 10836 10838 10839 10843 10847 10848 10849 10867 10868 10870 10871 10873 10874 10881 10882 10886 10887 10889 10890 10892 10893 10894 10898 10900 10901 10902 10915 10916 10917 10918 10920 10923 10924 10925 10929 10930 10934 10935 10936 10938 10939 10940 10941 10943 10945 10946 10949 10950 10956 10957 10958 10963 10968 10970 10972 10973 10983 10991 10993 10997 10998 11010 11011 11015 11016 11030 11033 11034 11035 11038 11040 11043 11044 11048 11050 11055 11059 11061 11062 11067 11072 11075 11076 11078 11082 11094 11097 11099 11101 11106 11111 11117 11121 11126 11132 11140 11151 11161 11164 11169 11176 11177 11182 11184 11185 11188 11190 11192 11196 11203 11204 11209 11210 11228 11234 11241 11248 11257 11263 11265 19544 19545 19546 19548 19549 19550 19551 19552 19558 
	}
	weather={
	}
}
