
strategic_region={
	id=95
	name="STRATEGICREGION_95"
	provinces={
		12222 12227 12236 12249 12258 12268 12279 12286 12303 12306 12316 12319 12340 12347 12349 12359 12370 12371 12397 12410 12413 12437 12443 12462 12468 12481 12485 12493 12498 12500 12503 12504 12506 12509 12534 12551 12579 12584 12596 12600 12606 12634 12636 12641 12642 12648 12671 12696 12704 12712 12718 12721 12731 12733 12744 12745 12755 12771 12791 12794 12801 12803 12814 12820 12823 12826 12830 12832 12842 12850 12852 12862 12873 12879 12882 12917 12922 12924 12926 12932 12933 12943 12985 12993 13004 13013 13018 13026 13032 13034 13041 13059 13063 13066 13068 13074 13075 13079 13116 13133 13141 13157 13159 13167 13175 13180 13184 13185 13195 13197 13200 13201 13208 13222 13227 13230 13245 13248 13283 13285 13307 13308 13310 13315 13318 13321 13326 13342 13361 13372 13381 13393 13420 13433 13442 13447 13450 13454 13455 13479 13484 13509 13513 13528 13552 13562 13576 13583 13588 13614 13617 13627 13629 13657 13660 13666 13672 13682 13690 13703 13717 13719 13726 13734 13735 13740 13746 13757 13770 13773 13777 13780 13797 13800 13804 13811 13827 13840 13844 13847 13863 13869 13877 13885 13892 13908 13916 13921 13928 13937 13940 13966 13969 13981 13985 14003 14051 14059 14082 14084 14102 14112 14113 14121 14126 14184 14189 14190 14220 14223 14225 14228 14283 14290 14310 14327 14330 14360 14364 14368 14371 14400 14407 14409 14412 14419 14420 14447 14464 14467 14481 14494 14497 14500 14504 14509 14525 14536 14559 14566 14638 14668 14672 14678 14700 14706 14708 14714 14715 14726 14732 14743 14748 14758 14786 14825 14839 14843 14861 14869 14872 14875 14884 14885 14887 14888 14892 14895 14906 14919 14920 14947 14956 14957 14961 14973 14990 14996 15000 15026 15038 15067 15072 15075 15078 15095 15106 15109 15169 15171 15181 15184 15217 15241 15265 15270 15273 15294 15310 15314 15324 15329 15330 15332 15333 15343 15379 15381 15393 15398 15401 15412 15424 15449 15451 15509 15512 15542 15553 15554 15572 15575 15580 15585 15613 15621 15628 15633 15642 15647 15657 15670 15676 15695 15745 15774 15779 15818 15830 15848 15850 15865 15872 15916 15938 15957 15970 15989 15990 15998 16000 16022 16023 16036 16040 16069 16073 16086 16114 16131 16160 16170 16171 16181 16192 16200 16223 16225 16228 16232 16267 16274 16283 16287 16295 16312 16347 16369 16372 16378 16382 16400 16405 16409 16446 16447 16478 16480 16498 16499 16511 16566 16622 16623 16647 16650 16729 16766 16779 16786 16792 16812 16825 16841 16933 16944 16951 16954 16955 16974 17018 17028 17032 17055 17064 17068 17095 17134 17139 17146 17158 17168 17181 17203 17225 17240 17271 17324 17344 17348 17365 17383 17392 17415 17427 17432 17434 17440 17453 17456 17460 17464 17487 17546 17556 17575 17586 17592 17626 17644 17646 17650 17689 17747 17778 17781 17808 17831 17839 17860 18157 18170 18190 18200 18203 18206 18220 18231 18247 18254 18284 18315 18321 18322 18337 18338 18339 18343 18352 18357 18371 18382 18383 18395 18398 18402 18405 18423 18430 18438 18463 18491 18495 18515 18516 18529 18549 18551 18613 18631 18640 18660 18715 18760 18823 18906 18911 18920 18933 19012 19046 19053 19062 19071 19098 19105 19107 19166 19198 19202 19235 19240 19241 19246 19267 19274 
	}
	naval_terrain=water_deep_ocean
	weather={
		period={
			between={ 0.0 30.0 }
			temperature={ -20.0 0.0 }
			#temperature_day_night={ -2.0 2.0 }
			no_phenomenon=0.500
			rain_light=0.250
			rain_heavy=0.100
			snow=0.000
			blizzard=0.000
			arctic_water=1.000
			mud=1.000
			sandstorm=0.000
			min_snow_level=0.000
		}
		period={
			between={ 0.1 27.1 }
			temperature={ -20.0 0.0 }
			#temperature_day_night={ -2.0 2.0 }
			no_phenomenon=0.500
			rain_light=0.250
			rain_heavy=0.100
			snow=0.000
			blizzard=0.000
			arctic_water=1.000
			mud=1.000
			sandstorm=0.000
			min_snow_level=0.000
		}
		period={
			between={ 0.2 30.2 }
			temperature={ -20.0 0.0 }
			#temperature_day_night={ -2.0 2.0 }
			no_phenomenon=0.500
			rain_light=0.250
			rain_heavy=0.100
			snow=0.000
			blizzard=0.000
			arctic_water=1.000
			mud=1.000
			sandstorm=0.000
			min_snow_level=0.000
		}
		period={
			between={ 0.3 29.3 }
			temperature={ -20.0 0.0 }
			#temperature_day_night={ -2.0 2.0 }
			no_phenomenon=0.500
			rain_light=0.250
			rain_heavy=0.100
			snow=0.000
			blizzard=0.000
			arctic_water=1.000
			mud=1.000
			sandstorm=0.000
			min_snow_level=0.000
		}
		period={
			between={ 0.4 30.4 }
			temperature={ -20.0 0.0 }
			#temperature_day_night={ -2.0 2.0 }
			no_phenomenon=0.500
			rain_light=0.250
			rain_heavy=0.100
			snow=0.000
			blizzard=0.000
			arctic_water=1.000
			mud=1.000
			sandstorm=0.000
			min_snow_level=0.000
		}
		period={
			between={ 0.5 29.5 }
			temperature={ -20.0 0.0 }
			#temperature_day_night={ -2.0 2.0 }
			no_phenomenon=0.500
			rain_light=0.250
			rain_heavy=0.100
			snow=0.000
			blizzard=0.000
			arctic_water=1.000
			mud=1.000
			sandstorm=0.000
			min_snow_level=0.000
		}
		period={
			between={ 0.6 30.6 }
			temperature={ -20.0 0.0 }
			#temperature_day_night={ -2.0 2.0 }
			no_phenomenon=0.500
			rain_light=0.250
			rain_heavy=0.100
			snow=0.000
			blizzard=0.000
			arctic_water=1.000
			mud=1.000
			sandstorm=0.000
			min_snow_level=0.000
		}
		period={
			between={ 0.7 30.7 }
			temperature={ -20.0 0.0 }
			#temperature_day_night={ -2.0 2.0 }
			no_phenomenon=0.500
			rain_light=0.250
			rain_heavy=0.100
			snow=0.000
			blizzard=0.000
			arctic_water=1.000
			mud=1.000
			sandstorm=0.000
			min_snow_level=0.000
		}
		period={
			between={ 0.8 29.8 }
			temperature={ -20.0 0.0 }
			#temperature_day_night={ -2.0 2.0 }
			no_phenomenon=0.500
			rain_light=0.250
			rain_heavy=0.100
			snow=0.000
			blizzard=0.000
			arctic_water=1.000
			mud=1.000
			sandstorm=0.000
			min_snow_level=0.000
		}
		period={
			between={ 0.9 30.9 }
			temperature={ -20.0 0.0 }
			#temperature_day_night={ -2.0 2.0 }
			no_phenomenon=0.500
			rain_light=0.250
			rain_heavy=0.100
			snow=0.000
			blizzard=0.000
			arctic_water=1.000
			mud=1.000
			sandstorm=0.000
			min_snow_level=0.000
		}
		period={
			between={ 0.10 29.10 }
			temperature={ -20.0 0.0 }
			#temperature_day_night={ -2.0 2.0 }
			no_phenomenon=0.500
			rain_light=0.250
			rain_heavy=0.100
			snow=0.000
			blizzard=0.000
			arctic_water=1.000
			mud=1.000
			sandstorm=0.000
			min_snow_level=0.000
		}
		period={
			between={ 0.11 30.11 }
			temperature={ -20.0 0.0 }
			#temperature_day_night={ -2.0 2.0 }
			no_phenomenon=0.500
			rain_light=0.250
			rain_heavy=0.100
			snow=0.000
			blizzard=0.000
			arctic_water=1.000
			mud=1.000
			sandstorm=0.000
			min_snow_level=0.000
		}
		period={
			between={ 4.11 21.11 }
			temperature={ -10.0 35.0 }
			#temperature_day_night={ 2.0 -2.0 }
			no_phenomenon=1.500
			rain_light=0.250
			rain_heavy=0.100
			snow=0.000
			blizzard=0.000
			arctic_water=1.000
			mud=0.000
			sandstorm=0.000
			min_snow_level=0.000
		}
	}
}
