1 17 750 2045 2984 1053 5834 1798 2752 3985 3661 11282 150 2121 515 517 11400 5809 4169 
1 2 750 4169 
1 11 10405 10409 10433 1566 10445 10489 10481 10518 2755 10538 10560 
1 6 10405 4380 10340 10349 10333 10259 
1 4 2210 5228 10438 649 
1 7 10259 1306 10240 3383 10169 6136 10149 
1 5 10259 4731 6271 10148 4776 
1 4 10201 10180 3033 10066 
1 4 10259 1306 10240 10201 
1 8 10259 2278 5446 10133 10094 10057 10021 1535 
1 4 10259 10247 10291 2374 
1 10 10259 1306 10267 10260 4443 5841 10279 5416 10324 3524 
1 8 10560 6442 2645 10675 10705 5053 10799 5651 
1 6 10259 10272 10307 2210 4284 10404 
1 14 10405 3095 5019 6435 6355 10595 10626 10664 4447 4236 10760 10793 10831 10852 
1 7 10300 10305 5978 3253 10297 10271 2374 
1 7 1593 170 10482 2839 10463 4930 10404 
1 11 10300 5308 4320 10234 5747 736 2455 1804 10036 58 1535 
1 9 10300 5308 10226 10186 10157 10132 405 10056 5777 
1 2 10056 499 
1 6 10300 5689 10233 2405 10171 3578 
1 8 10300 5556 4453 10356 4668 4985 3554 4424 
1 7 10300 4414 5486 2444 2960 10462 1593 
1 11 1593 10533 5377 10604 5744 10656 1941 1068 3282 4969 3496 
1 28 5651 10855 10854 2144 10852 3180 10862 4156 10827 10824 3915 10811 10814 10783 1396 4609 835 4630 10740 3589 10788 609 10823 1656 10813 6299 4969 3496 
1 4 2144 10910 1718 10947 
1 10 3578 10141 10174 10163 4080 10117 2894 10047 2695 9964 
1 6 3496 10834 10815 10833 2146 10853 
1 10 4424 10550 10578 731 10645 5047 10726 10759 2629 10817 
1 9 4424 1511 10515 10494 6202 10507 1826 4370 3864 
1 16 9964 2304 4431 122 10128 10162 10199 1033 6339 10310 10338 3456 10392 10429 10476 1826 
1 6 1826 4370 10576 10643 4385 10677 
3 2 6207 11912 
3 2 6207 11916 
3 3 6207 4217 11906 
3 2 6207 11906 
1 5 11903 11905 3201 4766 11904 
1 2 11903 11904 
1 3 11910 11913 11914 
1 2 2194 11915 
1 3 2194 11920 11927 
1 4 2194 11917 11919 11922 
1 19 11939 1453 11950 11951 6128 5012 11962 11959 11957 11952 748 11945 11938 11934 11932 5010 1455 11933 11937 
1 2 11939 11937 
1 3 11938 4833 5010 
1 5 11939 3422 11946 11940 4833 
3 4 8634 2978 3481 1141 
3 2 3481 8943 
1 9 1141 3699 9178 336 3782 1138 9393 90 5078 
1 5 5078 3211 4774 9662 5182 
3 3 5182 252 1178 
2 3 3481 25 1217 
1 11 1217 8725 445 3561 566 8694 2091 1383 2554 8788 8765 
1 2 8765 8756 
1 3 8756 3546 1095 
1 3 8634 8590 143 
2 4 143 8324 1079 1419 
1 9 1178 9901 5619 5321 9995 10010 4779 2938 5749 
3 6 10184 1046 3161 10144 10198 10221 
3 2 10184 19593 
3 7 10184 2920 3685 19592 6270 10274 19597 
3 4 3685 1046 6270 3161 
3 7 19597 4345 3288 10382 10417 10395 6046 
3 2 10395 10382 
3 3 10250 10230 10221 
3 3 10250 4375 10292 
3 2 19592 10274 
3 6 2920 19593 3935 19594 10150 10184 
3 4 10150 10137 10143 2302 
1 2 10143 19594 
3 3 3935 10178 2302 
3 8 2302 10134 5314 10112 10104 10098 5367 10017 
3 3 5749 5588 10144 
2 2 8943 3656 
1 6 3656 449 8887 3423 992 4402 
1 5 4569 5814 9048 395 715 
1 3 715 8877 8769 
1 6 8769 4271 314 8989 1234 4402 
1 3 4569 3580 404 
1 11 10292 3794 10293 4841 10277 10 4778 10257 2050 5544 2909 
2 2 2909 3847 
1 6 10395 10389 1800 532 10410 10418 
1 4 10418 10424 10414 10453 
1 4 1713 4441 1904 4679 
1 11 10453 10436 881 5301 6081 10441 5649 10454 4617 3646 1904 
1 7 9178 2081 2782 465 3248 9146 2682 
1 6 2682 1988 3987 2104 1030 1796 
3 3 1796 3473 6368 
1 6 10137 1181 3136 10005 33 9954 
2 2 9954 33 
1 9 9954 9921 1867 9868 5677 9810 9763 9709 9691 
1 16 33 3852 9941 9926 9907 5822 3943 5426 4465 9718 3126 9646 6324 4517 3539 9477 
2 2 9477 9459 
2 3 9477 9510 9547 
3 4 9509 9515 5709 9547 
3 5 5709 19600 19598 5040 9433 
1 11 10017 4128 4346 9914 5577 9826 9796 9762 9726 1376 1999 
1 6 1999 9651 2477 9615 9589 9547 
1 3 1999 3978 9547 
2 5 2614 6331 3549 6238 9433 
1 9 404 9265 4382 2874 9239 9261 3832 9288 2614 
2 3 9459 9398 2614 
1 10 9691 9641 3892 9596 684 2634 2504 4662 9420 9459 
2 4 6238 9381 130 5634 
2 2 5634 12144 
1 2 6046 10417 
1 10 4779 10061 10050 10075 3728 1321 2043 3060 5526 10029 
1 12 2614 9309 9272 9255 9210 2633 9108 4001 9035 9000 4013 1170 
1 6 1170 4481 8795 5445 4428 8636 
1 8 8636 1911 8522 8486 8454 8408 3374 8310 
1 5 8310 8266 8233 4088 19607 
2 5 19607 8096 8047 4030 7896 
3 5 7896 4944 7783 5323 7656 
3 7 7656 7563 7516 3062 7446 5255 196 
3 9 196 7311 19610 7264 7246 602 7173 5205 2528 
2 7 2528 7119 139 1239 7016 7029 6994 
2 3 19610 7280 7264 
1 2 7280 7246 
1 8 2978 266 1942 887 2271 8448 3020 1468 
1 2 2978 25 
1 14 3439 4676 1986 2098 479 543 1261 5950 7637 7658 7657 5424 5924 864 
1 9 1261 721 19611 7384 1925 7299 3958 6223 7233 
1 6 1925 5800 5083 7371 2074 7254 
2 2 7254 2485 
2 3 1468 8239 3439 
2 3 7233 5305 7226 
2 2 864 5323 
1 3 2485 7703 1175 
1 6 1175 77 7243 1835 2961 2008 
1 5 2008 739 5003 1927 7529 
1 10 1419 8146 6146 1871 4993 4928 5003 7380 3996 791 
1 4 791 7160 98 624 
1 20 130 9363 2849 9295 5982 1236 9124 9083 9050 5538 2887 6395 5630 1994 8808 8761 8719 3982 8655 161 
1 7 1170 8919 5221 8880 8900 5348 1994 
1 10 161 797 8521 8462 2788 8400 5674 8329 8304 8266 
1 3 4679 10593 10661 
1 9 4679 6178 3269 10499 1520 1527 10431 1580 521 
1 6 521 3165 5986 830 10127 1276 
1 4 464 2867 3284 10219 
1 7 10029 513 9962 3618 1870 9948 464 
1 10 464 9963 1968 9910 5120 2939 9897 772 9949 1276 
1 19 7529 475 3754 277 7629 1962 3808 6055 7482 80 1970 1888 588 5845 421 822 4845 7424 1367 
1 4 1962 1339 5455 7881 
1 10 7881 7976 670 1484 4110 1113 4995 6169 4866 1095 
3 5 1095 2116 5616 683 6368 
1 10 6368 1982 3163 3257 811 2689 1611 9841 6322 1276 
3 6 3161 2337 10241 10282 10321 3288 
3 5 10221 10241 10198 2337 10144 
3 4 5205 19609 7199 7226 
3 2 19608 19609 
3 3 602 19608 7226 
3 8 3847 19604 846 19605 1713 19606 19602 19603 
2 2 19603 10219 
3 6 19604 19603 846 19602 19605 19606 
