1 5 
1 252 
1 370 
1 464 
1 499 
1 510 
1 521 
1 598 
1 602 
1 649 
1 715 
1 791 
1 811 
1 846 
1 895 
1 1095 
1 1141 
1 1170 
1 1175 
1 1276 
1 1338 
1 1367 
1 1419 
1 1593 
1 1639 
1 1772 
1 1826 
1 1982 
1 1995 
1 2008 
1 2146 
1 2194 
1 2271 
1 2485 
1 2614 
1 2682 
1 2835 
1 2857 
1 2978 
1 3001 
1 3021 
1 3033 
1 3228 
1 3496 
1 3524 
1 3561 
1 3685 
1 3915 
1 4169 
1 4399 
1 4424 
1 4519 
1 4569 
1 4611 
1 4672 
1 4679 
1 4699 
1 5040 
1 5195 
1 5323 
1 5651 
1 5749 
1 6046 
1 6207 
1 6270 
1 6322 
1 6368 
1 6372 
1 7264 
1 7315 
1 7629 
1 7872 
1 7896 
1 8239 
1 8262 
1 8634 
1 8636 
1 9221 
1 9286 
1 9459 
1 9509 
1 9547 
1 9691 
1 9871 
1 9954 
1 10020 
1 10184 
1 10259 
1 10300 
1 10316 
1 10405 
1 10417 
1 10500 
1 10560 
1 10823 
1 10867 
1 10924 
1 10947 
1 11126 
1 11903 
1 11913 
1 11939 
1 19606 
1 19607 
1 19611 
