
state={
	id=104
	name="STATE_104"
	provinces={
		219 273 382 550 845 888 1316 1872 1905 1951 2030 2059 2359 2491 2500 2635 2709 2800 3501 3657 3923 3953 4000 4020 4185 4421 4718 4883 4945 4984 4997 5016 5133 5676 5900 6021 6145 6198 6282 7349 7365 7426 7427 7477 7508 7509 7518 7530 7559 7565 7581 7592 7599 7600 7601 7609 7621 7631 7645 7654 7659 7660 7661 7667 7682 7689 7690 7699 7700 7733 7749 7755 7788 7805 7806 7812 7830 7873 7883 7889 7910 7929 7961 7985 8005 8059 8064 8107 
	}
		history={
		owner = USA
		add_core_of = FRA

	}
 state_category=town 
 manpower=1000000
	buildings_max_level_factor=1.000
}
