
state={
	id=110
	name="STATE_110"
	provinces={
		85 337 398 443 547 613 640 727 1080 1089 1135 1389 1433 2157 2274 2521 2624 2829 3003 3059 3071 3111 3303 3407 3449 3556 3668 3678 3875 3893 3986 4087 4240 4242 4469 4728 4752 4967 5164 5272 5273 5292 5407 5564 5584 5642 5773 5933 5943 5968 6247 6344 6347 6352 6427 7056 7057 7073 7083 7084 7104 7116 7125 7130 7134 7135 7145 7148 7153 7162 7192 7203 7204 7213 7215 7217 7230 7231 7241 7248 7256 7262 7266 7267 7273 7274 7282 7285 7291 7292 7304 7305 7306 7321 7336 7337 7350 7352 7361 7388 7389 7396 7402 7413 7429 7444 7448 7453 7474 7475 7485 7491 7498 7499 7519 7520 7521 7546 7555 12101 19485 
	}

	resources={
		steel = 10
		chromium = 134
	}

	history={
		owner = CAN
		add_core_of = CAN

		victory_points = {
			7429 5 #Sudbury
		}

		
		buildings = {
			infrastructure = 5
			industrial_complex = 2

			12101 = {
				naval_base = 1
			}
		}
	}
 
 
 state_category=town
 manpower=135600
	buildings_max_level_factor=1.000
}
