
state={
	id=111
	name="STATE_111"
	provinces={
		102 113 369 426 493 506 908 1644 1658 1763 1980 2109 2189 2221 2295 2301 2410 2450 2657 2773 2999 3177 3198 3206 3297 3347 3538 3856 4113 4132 4274 4659 4734 4787 5096 5168 5276 5280 5362 5422 5783 5870 5883 5989 6995 7023 7046 7074 7089 7096 7100 7111 7118 7124 7127 7129 7147 7168 7175 7191 7194 7197 7200 7210 7244 7259 7260 7261 7283 7302 7315 19470 19471 
	}
		history={
		owner = USA
		add_core_of = FRA

	}
 state_category=town 
 manpower=1000
	buildings_max_level_factor=1.000
}
