
state={
	id=12
	name="STATE_12"

	history={
		owner = CAN
		add_core_of = CAN
		add_core_of = ONT
		buildings = {
			infrastructure = 3

		}

	}

	provinces={
		7 16 18 83 207 303 358 497 520 621 726 771 990 1216 1255 1283 1315 1319 1375 1442 1598 1646 1782 1906 2225 2373 2610 2840 2847 2877 3353 3406 3545 3584 4349 4416 4543 4642 4681 5405 5861 5961 5987 6072 6165 6232 6327 6543 6595 6600 6601 6611 6623 6650 6678 6683 6685 6786 19384 19398 19406 19410 19421 19430 19443 19445 19448 19453 19454 
	}
	manpower=60300
	buildings_max_level_factor=1.000
	state_category=pastoral
	local_supplies=0.000
}
