
state={
	id=128
	name="STATE_128"

	history={
		owner = CAN
		add_core_of = CAN
		add_core_of = QUE
		buildings = {
			infrastructure = 4

		}

	}

	provinces={
		86 156 352 355 379 897 1058 1088 1424 1444 1865 2200 2564 2855 2888 2930 3151 3196 3313 3370 4004 4363 4595 4688 4822 4891 5034 5109 5238 5247 5350 5468 5565 5661 5793 6197 6948 6950 6952 6959 6967 6974 6989 6990 7002 7012 7014 7018 7019 7033 7039 7042 7045 7047 7048 7050 7051 7061 7064 7076 7077 7078 7079 7080 7086 7091 7093 7098 7099 7102 7105 7106 7107 7108 7115 7121 7122 7126 7131 7132 7137 7149 7157 7164 7187 
	}
	manpower=140900
	buildings_max_level_factor=1.000
	state_category=rural
	local_supplies=0.000
}
