
state={
	id=137
	name="STATE_137"
	resources={
		tungsten=2.000
	}

	history={
		owner = MEX
		add_core_of = MEX
		victory_points = {
			11004 20 
		}
		buildings = {
			infrastructure = 4
			industrial_complex = 3
			dockyard = 1
		}

		victory_points = {
			442 10 #Nogales
		}

	}

	provinces={
		181 365 380 442 539 686 1369 1380 1655 1704 1860 2100 2772 3004 3016 3047 3175 3184 3295 3397 3748 3826 4015 4129 4322 4364 4601 4619 4730 4862 5087 5253 5318 5385 5386 5423 5483 5585 5662 5750 5825 5840 5850 5894 6012 6122 6215 6229 6243 6311 10567 10599 10617 10632 10641 10652 10668 10680 10695 10703 10708 10713 10720 10730 10731 10754 10755 10765 10772 10779 10780 10781 10795 10801 10808 10822 10825 10828 10837 10857 10860 10863 10866 10880 10906 10907 10908 10913 10932 10933 10953 10961 10967 10971 10976 10988 10989 10996 11003 11004 11014 11017 11020 11029 11037 
	}
	manpower=2008700
	buildings_max_level_factor=1.000
	state_category=city
}
