
state={
	id=140
	name="STATE_140"
	provinces={
		533 591 700 849 1026 1117 1167 1182 1596 1753 1762 1836 2136 2171 2235 2536 2676 2797 2968 3144 3368 3438 3441 3654 3708 3761 3762 4051 4084 4268 4301 4335 4520 4528 4540 4741 4935 4966 5144 5300 5417 5481 5669 5765 5998 6001 6170 6195 6211 6335 6405 6430 6434 7503 7539 7547 7583 7632 7641 7663 7684 7691 7692 7710 7723 7730 7731 7735 7736 7758 7763 7764 7769 7770 7777 7778 7789 7802 7813 7820 7821 7822 7823 7824 7838 7851 7865 7875 7876 7885 7899 7902 7903 7917 7918 7924 7931 7945 7950 7956 7957 7968 7973 7979 7988 8002 8009 8023 8036 8045 8065 8066 8067 8087 19499 19500 19502 
	}
	
	resources={
		steel = 19
	}

	history={
		owner = CAN
		add_core_of = CAN

		victory_points = {
			3761 25 #Ottawa
		}
		victory_points = {
			4335 5 #Kingston
		}
		buildings = {
			infrastructure = 7
		}
	}
 
 state_category=metropolis
 manpower=2123100
	buildings_max_level_factor=1.000
}
