
state={
	id=142
	name="STATE_142"
	provinces={
		64 67 141 164 597 841 1185 1318 1629 1731 1812 2011 2281 2396 2443 2463 2830 3014 3029 3101 3178 3273 3428 3459 3607 3642 3686 3753 3797 4141 4604 4796 5172 5225 5328 5409 5505 5529 5629 5647 5688 5821 5827 6003 6385 6399 6413 7263 7268 7317 7342 7367 7368 7369 7375 7379 7390 7406 7415 7421 7438 7454 7455 7500 7501 7524 7542 7589 7625 7626 7634 7664 7674 7772 7797 7803 7804 7815 7839 7852 7858 7867 7887 7895 7905 7921 7935 7947 7963 7974 7994 8011 19489 19491 19496 
	}
	history={
		owner = NEW
		add_core_of = NEW
                 buildings = {
                 }
	}
 state_category=rural
 manpower=490000
	buildings_max_level_factor=1.000
}
