
state={
	id=148
	name="STATE_148"

	history={
		owner = MEX
		add_core_of = MEX
		victory_points = {
			698 20 
		}
		victory_points = {
			5738 5 
		}
		buildings = {
			infrastructure = 4
			industrial_complex = 4
			air_base = 8

		}

	}

	provinces={
		153 204 230 251 287 290 294 300 312 321 457 495 538 556 577 698 873 883 890 964 983 1021 1437 1487 1496 1507 1748 1780 1831 1876 1936 1973 2101 2240 2384 2403 2592 2669 2983 3050 3112 3164 3243 3264 3319 3567 3624 3771 3865 3894 4066 4081 4148 4262 4388 4582 4633 4816 5100 5161 5243 5245 5299 5412 5535 5613 5738 5741 5763 5847 6167 10622 10673 10681 10909 10914 10954 10990 11019 11071 11105 11110 11116 11123 11141 11150 11166 11180 11181 11191 11198 11206 11219 11220 11223 11246 11260 11279 19555 19557 
	}
	manpower=3327800
	buildings_max_level_factor=1.000
	state_category=large_city
	local_supplies=0.000
}
