
state={
	id=150
	name="STATE_150"
	provinces={
		237 315 565 733 783 889 1057 1104 1172 1459 1533 1822 1929 1998 2054 2238 2416 3471 3514 3536 3977 4178 4199 4228 4358 4538 4876 4896 5438 5654 5663 5915 6269 6362 7854 7916 7933 8031 8043 8083 8124 8144 8163 8190 8193 8203 8227 8275 8286 8288 8319 8323 8336 8339 8347 8369 8404 8415 8424 8433 8447 8475 19510 19512 19515 19519 
	}
	history={
		owner = CAS
		add_core_of = CAS

		buildings = {
			infrastructure = 3
		}
	}
	manpower=311600
	buildings_max_level_factor=1.000
	state_category=rural
}
