
state={
	id=152
	name="STATE_152"
	provinces={
		103 356 737 768 956 1000 1016 1702 2073 2250 2572 3129 3182 3247 3364 3482 3800 4058 4281 4455 4551 4854 4885 4940 4942 5079 5105 5122 5155 5230 5252 5596 5614 5625 5766 5831 5993 6160 6265 6419 7225 7235 7255 7265 7277 7303 7320 7323 7334 7335 7340 7346 7372 7373 7374 7387 7393 7394 7401 7418 7419 7420 7428 7443 7464 7465 7470 7471 7472 7473 7478 7495 7496 7497 7502 7510 7526 7531 7532 7533 7540 7545 7550 7553 7554 7571 7577 7593 7603 7649 7662 2468
	}

	resources={
		steel = 21
	}

	history={
		owner = GLA
		add_core_of = GLA
		add_core_of = SUP
		
		buildings = {
			infrastructure = 6
			radar_station = 3
		}
	}

 state_category=rural
 manpower=319654
	buildings_max_level_factor=1.000
}
