
state={
	id=167
	name="STATE_167"
	provinces={
		183 525 702 848 904 1059 1482 2360 2420 2449 2576 2949 3141 3529 3732 3759 4019 4394 4413 4466 4704 5117 5240 5309 5401 5531 5545 5764 5937 6006 6152 6349 6353 6454 7776 7845 7857 7890 7938 7972 8001 8035 8056 8094 8111 8136 8166 8182 8199 8200 8224 8254 8255 8292 8301 8325 8344 8355 8361 8365 8375 8389 8390 8399 8411 8428 8431 8444 8455 8460 8490 8520 8548 8553 8569 
	}
	history={
		owner = CAN
		add_core_of = CAN

		victory_points = {
			2576 10 #Kitchener
		}
		victory_points = {
			1059 10 #London
		}
		buildings = {
			infrastructure = 9
		}
	}
 
 state_category=metropolis 
 manpower=2583544
	buildings_max_level_factor=1.000
}
