
state={
	id=170
	name="STATE_170"
	provinces={
		205 1130 1565 1749 1947 2150 2158 2385 2474 2654 2664 2819 2823 3025 3442 3970 4221 4417 4544 4637 4677 5285 5490 5525 5579 6100 6185 6397 7939 7940 7969 7989 8027 8028 8037 8038 8062 8068 8078 8081 8088 8101 8122 8125 8149 8173 8174 8180 8183 8184 8201 8202 8206 8216 8218 8219 8236 8242 8243 8244 8282 8283 8284 8285 8309 8326 8333 8334 8356 8359 19503 19511 
	}
	history={
		owner = FRA
		add_core_of = USA

		buildings = {
			infrastructure = 6
			industrial_complex = 2
		}
	}

 state_category=city
 manpower=1375400
	buildings_max_level_factor=1.000
}
