
state={
	id=175
	name="STATE_175"

	history={
		owner = CAN
		add_core_of = CAN
		buildings = {
			infrastructure = 4
			industrial_complex = 1

		}

	}

	provinces={
		128 597 1885 2363 2497 2762 2811 2824 2846 3031 3170 3404 3500 3543 3853 4037 4150 4153 4187 4371 4407 4577 4581 4813 5080 5111 5354 5425 5493 5501 5521 5542 6264 6373 7154 7155 7159 7163 7165 7177 7181 7182 7188 7189 7201 7207 7208 7209 7212 7216 7222 7223 7229 7237 7238 7269 7270 7271 7295 7309 7331 7343 7348 7379 7382 7422 12100 
	}
	manpower=207700
	buildings_max_level_factor=1.000
	state_category=rural
	local_supplies=0.000
}
