
state={
	id=21
	name="STATE_21"

	history={
		owner = CAN
		add_core_of = CAN
		add_core_of = MRT
		add_core_of = QUE
		buildings = {
			infrastructure = 3

		}

	}

	provinces={
		30 48 228 328 385 454 585 590 627 660 732 836 858 863 949 958 1140 1191 1282 1349 1555 1612 1622 1674 2036 2111 2206 2559 3115 3208 3230 3237 3532 3731 3946 3950 4024 4233 4235 4247 4250 4344 4353 4355 4485 4497 4527 4532 4563 4584 4628 4720 4832 4865 4953 4962 5191 5200 5250 5256 5378 5393 5415 5489 5499 5568 5583 5767 5839 5855 5868 5908 5921 6041 6164 6245 6296 6309 6366 6428 6626 6636 6639 6640 6645 6651 6652 6656 6658 6660 6662 6666 6670 6676 6677 6679 6680 6681 6684 6686 6689 6692 6693 6694 6696 6697 6698 6699 6700 6704 6705 6706 6708 6715 6718 6719 6720 6721 6728 6729 6730 6731 6732 6735 6736 6739 6743 6745 6749 6750 6752 6753 6754 6755 6759 6760 6767 6770 6771 6777 6778 6779 6783 6787 6788 6789 6790 6793 6795 6796 6797 6802 6803 6804 6808 6815 6817 6818 6819 6820 6824 6825 6828 6831 6838 6841 6849 
	}
	manpower=55000
	buildings_max_level_factor=1.000
	state_category=rural
	local_supplies=0.000
}
