
state={
	id=23
	name="STATE_23"
	provinces={
		132 184 371 758 918 943 1109 1110 1465 1697 1801 2340 2478 2581 2925 2971 2991 3195 3231 3896 4040 4203 4430 4521 4646 4735 4788 4882 4934 5066 5195 5620 5890 6268 6451 7290 7313 7314 7329 7360 7400 7410 7416 7457 7469 7494 7506 7536 7552 7586 7587 7598 7630 7648 7671 7680 7707 7713 7753 7767 7775 7811 7818 7892 7927 7948 19479 19480 
	}
		history={
		owner = HAI
		add_core_of = 

	}
 state_category=town 
 manpower=1000
	buildings_max_level_factor=1.000
}
