
state={
	id=250
	name="STATE_250"
	provinces={
		420 540 1207 1294 1356 1774 2134 2254 2324 2496 3007 3113 3186 3424 3507 3601 3922 4395 4458 4463 4955 5060 5156 5331 5336 5380 5527 5612 5700 5838 5906 6230 6231 6304 9473 9498 9519 9527 9541 9552 9556 9561 9567 9574 9575 9576 9581 9585 9593 9600 9606 9607 9623 9635 9639 9654 9657 9658 9677 9684 9698 9703 9704 
	}
		history={
		owner = AFS
		add_core_of = CSA
		
		buildings = {
			infrastructure = 7
			arms_factory = 2
		}
	}
 state_category=large_town 
 manpower=1000000
	buildings_max_level_factor=1.000
}
