
state={
	id=26
	name="STATE_26"

	history={
		owner = CAN
		add_core_of = CAN
		add_core_of = ONT
		buildings = {
			infrastructure = 4

		}

	}

	provinces={
		9 40 158 223 347 401 428 471 482 814 824 874 967 1377 1397 1829 2108 2112 2257 2300 2422 2465 2541 2568 2656 2918 3120 3245 3573 3595 3947 4091 4695 5102 5370 5664 5703 6473 6474 6475 6506 6510 6520 6524 6530 6547 6587 19295 19310 19312 19317 19318 19323 19325 19329 19330 19333 19337 19342 19346 19347 19349 19350 19351 19360 19361 19367 19378 19380 19388 19396 
	}
	manpower=49700
	buildings_max_level_factor=1.000
	state_category=rural
	local_supplies=0.000
}
