
state={
	id=264
	name="STATE_264"
	provinces={
		232 313 712 1163 1404 1503 1756 1761 1765 1781 1837 1849 2352 2471 2653 3023 3100 3203 3720 3873 4177 4202 4305 4384 4390 4536 4632 4846 5262 5316 5560 5643 5730 5761 5803 6051 6124 6298 6301 6365 6458 9730 9744 9751 9755 9756 9770 9776 9784 9788 9803 9816 9817 9820 9829 9848 9849 9850 9855 9858 9892 9906 9913 9919 9920 9929 9931 9940 9952 9960 9972 9973 9979 9988 9993 10015 10016 10028 10049 10073 10078 10119 
	}
		history={
		owner = CSA
		add_core_of = CSA

	}
 state_category=town 
 manpower=1000000
	buildings_max_level_factor=1.000
}
