
state={
	id=268
	name="STATE_268"
	provinces={
		662 869 1788 2179 2203 2459 2837 3070 3346 3400 3609 3742 3841 4011 4097 4259 4560 4712 4861 4863 5095 5263 5372 5420 5442 5449 5997 6024 6094 6289 8993 9057 9073 9080 9091 9107 9135 9152 9161 9180 9192 9214 9228 9229 9240 9267 9269 9304 9343 9351 9367 9374 9380 9384 9387 9394 9419 9430 9446 9456 9536 9568 
	}
		history={
		owner = NPA
		add_core_of = USA
		add_core_of = NPA

	}
 state_category=town 
 manpower=1000000
	buildings_max_level_factor=1.000
}
