
state={
	id=284
	name="STATE_284"
	provinces={
		155 293 491 558 1143 1287 1953 2801 2880 3044 3479 4065 4303 4338 5158 5702 5734 5892 5959 5995 6257 6414 10009 10110 10165 10170 10194 10202 10207 10214 10228 10235 10249 10273 10276 10280 10301 10308 10313 10314 10320 10335 10336 10344 10345 10350 10358 10365 10370 10384 10385 10407 10430 10447 10451 10472 19536 19539 19542 
	}
		history={
		owner = CSA
		add_core_of = CSA

	}
 state_category=town 
 manpower=1000
	buildings_max_level_factor=1.000
}
