
state={
	id=287
	name="STATE_287"
	provinces={
		117 122 924 1033 1075 1355 1670 1852 1993 2023 2304 2414 2430 2605 2618 2810 2894 2945 3236 3456 3591 3700 3864 4080 4133 4201 4431 4531 4974 5984 6005 6022 6103 6339 10025 10026 10047 10048 10055 10064 10081 10083 10090 10100 10108 10117 10128 10136 10141 10154 10162 10163 10168 10173 10174 10192 10199 10206 10210 10213 10218 10225 10232 10242 10244 10246 10252 10258 10270 10287 10296 10299 10310 10328 10331 10332 10338 10354 10360 10392 10429 10442 10443 
	}
		history={
		owner = CSA
		add_core_of = CSA

	}
 
 
 state_category=town 
 manpower=1000
	buildings_max_level_factor=1.000
}
