
state={
	id=290
	name="STATE_290"
	provinces={
		78 218 411 649 900 925 1085 1306 1566 1969 2210 2278 2374 2473 2489 2697 2755 3095 3135 3383 3453 3510 3524 3588 3693 3788 3887 3921 3934 4284 4380 4443 4648 4709 4731 4771 5019 5076 5085 5227 5228 5352 5406 5416 5446 5465 5553 5578 5779 5841 5885 5934 6136 6271 6272 6435 6442 10094 10133 10149 10169 10177 10180 10187 10201 10212 10227 10240 10247 10248 10259 10260 10263 10267 10272 10279 10291 10294 10295 10306 10307 10317 10323 10324 10329 10333 10340 10347 10349 10364 10367 10376 10378 10388 10394 10397 10404 10405 10406 10409 10413 10421 10426 10433 10435 10438 10444 10445 10446 10449 10450 10481 10488 10489 10508 10518 10523 10528 10538 10560 10590 10597 10615 19537 
	}

	resources={
		steel = 12
	}
		history={
		owner = CSA
		add_core_of = CSA

		buildings={
			arms_factory = 4
		}
	}

 state_category=town 
 manpower=1000000
	buildings_max_level_factor=1.000
}
