
state={
	id=291
	name="STATE_291"
	provinces={
		208 405 423 736 1775 2033 2348 2405 2444 2455 2960 2989 3274 3578 3622 3859 4320 4414 4453 4610 4668 5212 5308 5486 5556 5689 5747 5771 6131 6168 6305 6424 10052 10065 10077 10084 10101 10109 10115 10116 10129 10132 10142 10156 10157 10158 10164 10171 10179 10186 10193 10211 10226 10233 10234 10256 10290 10300 10305 10322 10356 10366 10390 10416 10425 10462 10471 
	}
		history={
		owner = HAI
		add_core_of = 

	}
 state_category=town 
 manpower=1000
	buildings_max_level_factor=1.000
}
