
state={
	id=311
	name="STATE_311"
	provinces={
		229 246 341 782 794 826 916 1302 1707 1767 1960 2055 2072 2166 2237 2264 2456 2658 2666 2902 3015 3103 3185 3222 3266 3272 3296 3340 3710 3772 3860 3903 4075 4165 4278 4279 4300 4361 4483 4673 4710 4917 4923 4947 4956 5024 5244 5282 5326 5474 5580 5605 5658 5928 5996 6102 6108 6153 6159 6216 6297 11124 11130 11134 11136 11137 11145 11156 11163 11167 11171 11173 11178 11187 11189 11194 11195 11197 11208 11212 11213 11222 11225 11227 11237 11245 11253 11256 11266 11275 11287 11301 11304 11312 11320 11324 11332 11339 11343 11345 11355 11356 11359 11365 11370 11371 11372 11373 11374 11382 11383 11384 11385 11387 11394 11395 11397 11403 11404 11411 11420 11425 11430 11432 11436 11439 11448 12177 
	}
	history={
		owner = HAI
		add_core_of = 

	}
 state_category=town 
 manpower=1000
	buildings_max_level_factor=1.000
}
