
state={
	id=334
	name="STATE_334"
	provinces={
		251 307 495 691 751 894 983 994 1248 1602 1811 1831 1936 2002 2240 2291 2379 2403 2641 2683 3112 3164 3279 3314 3315 3380 3461 3610 3771 3816 3989 4023 4066 4425 4476 4554 4633 4755 4824 4826 5243 5245 5313 5366 5494 5557 5737 5763 5844 5862 5944 6179 6262 6445 11071 11147 11148 11150 11165 11181 11191 11223 11246 11260 11264 11272 11286 11295 11306 11308 11327 11337 11344 11346 11351 11361 11366 11368 11380 11389 11392 11405 11408 11415 11421 11422 11426 11478 11488 11493 11507 11510 11523 11566 11582 
	}
		history={
		owner = MEX
		add_core_of = MEX
		buildings = {
			infrastructure = 5
		}
	}
 state_category=town 
 manpower=1809700
	buildings_max_level_factor=1.000
}
