
state={
	id=338
	name="STATE_338"
	resources={
		tungsten=1.000
	}

	history={
		owner = MEX
		add_core_of = MEX
		buildings = {
			infrastructure = 5

		}

	}

	provinces={
		723 1386 1514 2006 2185 2401 2479 2803 2994 3068 3267 3354 3434 3472 3483 3506 3612 3718 3807 4099 4118 4546 4678 5077 5143 5166 5342 5508 5684 5737 5893 5946 6043 6262 6266 6325 10977 10982 11005 11009 11018 11025 11032 11036 11039 11046 11047 11049 11052 11053 11058 11063 11064 11068 11074 11077 11085 11090 11092 11095 11100 11104 11109 11113 11115 11127 11131 11135 11142 11146 11147 11148 11149 11152 11158 11159 11165 11168 11172 11179 11183 11200 11201 11205 11214 11218 11230 11232 11240 11243 
	}
	manpower=1472500
	buildings_max_level_factor=1.000
	state_category=town
	local_supplies=0.000
}
