
state={
	id=341
	name="STATE_341"
	provinces={
		1514 2006 2777 3081 3267 3585 3770 3807 3933 4009 4401 5319 5547 5696 5916 5946 5990 6189 6249 6258 6431 11179 11200 11201 11205 11214 11218 11230 11232 11233 11240 11243 11250 11254 11259 11267 11271 11276 11285 11296 11297 11299 11305 11311 11314 11317 11325 11326 11328 11333 11353 12169 12170 12171 
	}
		history={
		owner = MEX
		add_core_of = MEX
		buildings = {
			infrastructure = 5
		}
	}
 state_category=town 
 manpower=1967550
	buildings_max_level_factor=1.000
}
