
state={
	id=349
	name="STATE_349"
	provinces={
		406 580 589 1118 1618 1975 2106 2619 2673 2758 2901 3080 3214 3254 3765 3971 4050 4144 4836 4988 4994 5050 5104 5136 5154 5376 5853 6236 6288 6363 11560 11571 11586 11588 11599 11601 11604 11606 11611 11612 11614 11615 11616 11619 11622 11624 11626 11628 11630 11635 11636 11637 11642 11646 11647 11650 11652 11653 11654 11658 11664 11665 11666 11668 11672 11680 11682 11683 
	}
			history={
		owner = CUB
		add_core_of = CUB

	}
 state_category=town 
 manpower=1000
	buildings_max_level_factor=1.000
}
