
state={
	id=377
	name="STATE_377"
	provinces={
		11 12 14 282 330 381 396 537 578 622 635 701 839 840 871 947 1027 1083 1093 1111 1120 1203 1209 1227 1314 1582 1599 1891 1935 2102 2236 2245 2333 2429 2560 2875 2879 2985 3043 3155 3289 3318 3350 3487 3598 4039 4125 4341 5067 5160 5404 5707 5755 6135 6200 6479 6483 6484 6497 6511 6512 6533 6538 6546 6554 6560 6563 6574 6583 6593 6597 12023 19293 19297 19309 19327 19331 19338 19345 19359 19366 19381 19400 19408 19429 
	}
	history={
		owner = CAN
		add_core_of = CAN 
		add_core_of = QUE
		buildings = {
			infrastructure = 1
		}
	}
 
 
 state_category=pastoral 
 manpower=44561
	buildings_max_level_factor=1.000
}
