
state={
	id=38
	name="STATE_38"
	provinces={
		105 377 658 881 1743 2509 2835 2965 3329 3355 3646 4456 4617 5093 5253 5301 5649 5794 6014 6081 6089 10371 10372 10399 10428 10436 10441 10453 10454 10465 10466 10474 10475 10487 10491 10492 10503 10513 10514 10526 10535 10540 10541 10549 10556 10562 10563 10567 10568 10572 10573 10582 10583 10599 10610 10616 10620 10635 10660 
	}
		history={
		owner = HAI
		add_core_of = 

	}

 
 
 state_category=town 
 manpower=1000
	buildings_max_level_factor=1.000
}
