
state={
	id=388
	name="STATE_388"
	provinces={
		731 801 995 1208 1345 1511 1592 1826 1873 1949 2290 2525 2766 2822 2917 3057 3286 3359 3767 3926 4077 4175 4370 4385 4424 4462 4732 5044 5047 5852 5905 5962 6073 6202 6303 6340 6374 6375 6461 10283 10312 10334 10368 10400 10401 10402 10432 10437 10464 10476 10477 10494 10507 10515 10529 10548 10550 10576 10578 10587 10592 10602 10611 10612 10631 10639 10643 10645 10650 10663 10677 10689 10694 10699 10702 10706 10718 
	}

	resources={
		steel = 8
	}

		history={
		owner = CSA
		add_core_of = CSA
		add_claim_by = LOU
		buildings = {
			infrastructure = 2
			arms_factory = 1
		}

	}
 state_category=town 
 manpower=16987
	buildings_max_level_factor=1.000
}
