
state={
	id=392
	name="STATE_392"
	provinces={
		508 553 600 636 910 1290 2118 2311 2338 2484 2524 2738 3291 4369 4834 5296 5495 5638 5673 5705 5958 11390 11406 11416 11417 11419 11423 11431 11435 11437 11449 11455 11461 11463 11469 11476 11477 11479 11487 11489 11491 11500 11502 11503 11511 11514 11520 11561 19561 19563 19564 19565 19566 19567 19568 19569 19570 19573 
	}
				history={
		owner = MEX
		add_core_of = MEX
		buildings = {
			infrastructure = 5
		}
	}
 state_category=town 
 manpower=1688300
	buildings_max_level_factor=1.000
}
