
state={
	id=405
	name="STATE_405"
	provinces={
		46 754 922 971 1082 2049 2320 2552 3271 3592 3961 4109 4204 4411 4439 4533 4542 5082 5216 5254 5329 5656 6393 11677 11687 11689 11694 11697 11701 11704 11706 11714 11715 11719 11723 11727 11729 11737 11742 11745 11760 11763 11766 11769 11773 11774 11779 11784 11787 11792 11793 11798 11799 11800 11805 11809 11814 11818 11819 11822 11823 11824 11826 11831 11834 11837 11841 11848 11851 11860 11862 11869 11870 12202 12212 
	}
			history={
		owner = HAIHAI
		add_core_of = HAI

	}
 
 
 state_category=town 
 manpower=1000
	buildings_max_level_factor=1.000
}
