
state={
	id=48
	name="STATE_48"
	provinces={
		109 159 163 180 345 388 399 419 452 481 483 519 524 545 632 657 706 774 781 936 938 981 982 986 988 1022 1034 1072 1122 1151 1249 1250 1260 1317 1420 1523 1574 1589 1628 1637 1717 1723 1808 1847 1932 2027 2065 2087 2140 2322 2380 2652 2761 2844 2891 2934 3096 3152 3168 3209 3417 3665 3913 3983 4386 4489 4493 4801 4872 4958 5051 5113 5444 5459 5496 5591 5644 5922 5964 6078 6239 6350 6371 6499 6536 6548 6561 6570 6576 6589 6596 6607 6610 6633 6637 6644 6646 6810 6830 6836 6839 6850 6859 6867 6868 6874 6887 6892 6894 6895 6907 6913 6927 6930 6939 6961 6966 6969 6977 6980 6996 6997 6998 7013 7026 7032 7043 7044 7058 7068 7069 7085 7092 7114 19302 19316 19332 19353 19404 19409 19411 19413 19415 19435 19436 19439 19450 19456 19458 
	}

	resources={
		steel = 45
	}

	history={
		owner = CAN
		add_core_of = CAN
		add_core_of = QUE

		victory_points = {
		 	6836 1 #Sept Iles
		}
		victory_points = {
		 	2844 1 #Baie-Comeau
		}
		victory_points = {
		 	632 1 #Port_Cartier
		}
		victory_points = {
		 	6996 1 #Dolbeau-Mistassini
		}
		victory_points = {
		 	1250 1 #Labrador City
		}
		buildings = {
			infrastructure = 4
			industrial_complex = 3

			6836 = {
				naval_base = 1
			}
		}
	}
 
 
 state_category=town
 manpower=276400
	buildings_max_level_factor=1.000
}
