
state={
	id=58
	name="STATE_58"
	provinces={
		326 348 416 438 456 527 749 820 842 1211 1252 1428 1516 1537 1709 1759 1856 2042 2123 2331 2768 2816 2854 2908 3034 3216 3235 3552 5379 5849 6186 6194 6307 6466 6467 6488 6496 6502 6529 6531 6569 6606 12033 12035 12036 12037 12038 12039 12040 12041 12042 12043 12044 12046 12048 19306 19319 19328 19334 19371 19392 19399 19401 
	}
	history={
		owner = CAN
		add_core_of = CAN

		buildings = {
			infrastructure = 4
		}
	}
 
 
 state_category=pastoral
 manpower=85800
	buildings_max_level_factor=1.000
}
