
state={
	id=7
	name="STATE_7"
	resources={
		steel=39.000
		rubber=10.000
	}

	history={
		owner = CAN
		add_core_of = CAN
		add_core_of = QUE
		victory_points = {
			2518 30 
		}
		victory_points = {
			7101 5 
		}
		buildings = {
			infrastructure = 6
			industrial_complex = 4
			arms_factory = 6
			dockyard = 2
			air_base = 7
			2518 = {
				naval_base = 8

			}

		}

	}

	provinces={
		26 59 69 107 126 165 172 292 304 333 373 384 390 415 418 453 573 639 644 646 654 682 695 743 789 969 1241 1246 1256 1293 1329 1330 1348 1358 1398 1405 1425 1494 1597 1627 1660 1661 1685 1693 1750 1764 1823 1850 1930 1965 2019 2124 2128 2153 2273 2280 2354 2409 2469 2518 2595 2601 2606 2626 2786 2860 2957 3179 3199 3251 3290 3357 3432 3577 3644 3705 3726 3775 3941 3942 3973 3975 3993 4036 4038 4093 4103 4180 4241 4258 4285 4323 4492 4523 4599 4627 4643 4806 4838 4856 4890 4980 5023 5211 5226 5248 5288 5388 5593 5723 5932 6025 6026 6144 6267 6326 6346 6609 6617 6621 6671 6672 6702 6782 6792 6811 6848 6912 6945 6960 6986 7067 7075 7101 7112 7113 7143 7169 7170 7176 7180 7186 7195 7205 7206 7211 7214 7220 7227 7232 7236 7250 7257 7275 7278 7286 7293 7301 7307 7308 7316 7330 7353 7366 7378 7395 7403 7404 7449 7466 7522 7541 7548 7573 7578 7604 7612 7623 7624 7642 7643 7646 7693 12108 19442 19444 19447 19457 19462 19463 19469 19476 19477 19478 19482 19483 19484 7692 7758 7731
	}
	manpower=2637600
	buildings_max_level_factor=8.000
	state_category=metropolis
	local_supplies=0.000
}
