
state={
	id=75
	name="STATE_75"
	provinces={
		99 605 679 832 855 920 1014 1147 1169 1274 1410 1531 1543 1634 1636 1667 1696 1895 1903 2038 2063 2114 2514 2567 2897 2911 2987 3028 3052 3147 3157 3386 3582 3583 3702 3729 3928 4049 4145 4206 4243 4293 4377 4442 4457 4478 4743 4756 4870 4950 5074 5150 5179 5217 5356 5592 5706 5768 5854 5884 6109 6213 6217 6316 6555 6598 6602 6612 6648 6664 6710 6716 6717 6723 6725 6726 6727 6733 6737 6741 6742 6747 6751 6761 6762 6764 6765 6775 6784 6794 6801 6807 6809 6816 6822 6827 6835 6837 6851 6853 6854 6858 6861 6862 6863 6869 6877 6878 6879 6896 6901 6915 6929 12051 12052 12066 12067 12073 12076 19432 19438 19440 19449 
	}
	history={
		owner = CAN
		add_core_of = CAN
		
		victory_points = {
			3729 4 #Prince George
		}
		buildings = {
			infrastructure = 4
			industrial_complex = 2
			arms_factory = 2
		}
	}

	manpower=197900
	buildings_max_level_factor=4
	state_category=rural
}
