
state={
	id=9
	name="STATE_9"
	resources={
		oil=1.000
	}

	history={
		owner = CAN
		add_core_of = CAN
		add_core_of = ARY
		victory_points = {
			1431 20 
		}
		buildings = {
			infrastructure = 6
			industrial_complex = 3

		}

	}

	provinces={
		108 231 347 361 458 482 534 664 775 785 814 967 975 1032 1091 1134 1289 1397 1408 1426 1710 1829 1964 2051 2229 2257 2362 2381 2419 2502 2941 2979 3138 3298 3947 4047 4114 4161 4459 4706 5102 5370 5601 5692 5858 6112 6473 6474 6506 6516 6524 6547 6562 6575 6714 6748 6785 11972 19294 19295 19296 19298 19299 19300 19310 19325 19330 19335 19340 19341 19346 19349 19358 19363 19364 19368 19373 19374 19376 19377 19382 19385 19391 19395 19403 19407 19419 19420 19423 19425 19427 19431 19437 19441 19446 
	}
	manpower=811000
	buildings_max_level_factor=1.000
	state_category=city
	local_supplies=0.000
}
