
state={
	id=90
	name="STATE_90"
	provinces={
		38 150 153 204 306 321 334 457 509 538 629 676 720 746 1020 1053 1253 1266 1385 1439 1549 1736 1798 1973 2026 2121 2286 2579 2752 2983 2984 3181 3250 3647 3652 3661 3783 3785 3985 4307 4436 4607 5025 5100 5267 5374 5408 5834 5847 6117 6119 6129 11133 11166 11180 11198 11220 11238 11277 11279 11282 11289 11310 11315 11321 11331 11335 11338 11362 11377 11386 11399 11412 19559 
	}
		history={
		owner = MEX
		add_core_of = MEX
		
		buildings = {
			infrastructure = 5
		}
	}

 state_category=large_city
 manpower=4931100
	buildings_max_level_factor=1.000
}
